#Parameters = {a=0.5; d=0.035; h=9; p=3; phi=0; r_1=2; r_2=2.7; s=0.2; t=0.2; theta=0; w=12}
#"Wavelength / nm"	"A_Zmax(1) [Mag]"	"A_Zmax(1) [Pha / deg]"
#-----------------------------------------------------------
23605705.354331	0.85857558567814	0.0000000000000
23624307.171001	0.85988220448837	0.0000000000000
23642938.328076	0.86117538617156	0.0000000000000
23661598.895028	0.86245521839853	0.0000000000000
23680288.941548	0.86372178913694	0.0000000000000
23699008.537549	0.86497518661830	0.0000000000000
23717757.753165	0.86621549930591	0.0000000000000
23736536.658749	0.86744281586394	0.0000000000000
23755345.324881	0.86865722512738	0.0000000000000
23774183.822363	0.86985881607312	0.0000000000000
23793052.222222	0.87104767779183	0.0000000000000
23811950.595711	0.87222389946090	0.0000000000000
23830879.014308	0.87338757031825	0.0000000000000
23849837.549722	0.87453877963699	0.0000000000000
23868826.273885	0.87567761670105	0.0000000000000
23887845.258964	0.87680417078153	0.0000000000000
23906894.577352	0.87791853111405	0.0000000000000
23925974.301676	0.87902078687671	0.0000000000000
23945084.504792	0.88011102716902	0.0000000000000
23964225.259792	0.88118934099152	0.0000000000000
23983396.640000	0.88225581722611	0.0000000000000
24002598.718975	0.88331054461721	0.0000000000000
24021831.570513	0.88435361175357	0.0000000000000
24041095.268645	0.88538510705075	0.0000000000000
24060389.887640	0.88640511873441	0.0000000000000
24079715.502008	0.88741373482406	0.0000000000000
24099072.186495	0.88841104311763	0.0000000000000
24118460.016090	0.88939713117659	0.0000000000000
24137879.066023	0.89037208631162	0.0000000000000
24157329.411765	0.89133599556903	0.0000000000000
24176811.129032	0.89228894571757	0.0000000000000
24196324.293785	0.89323102323594	0.0000000000000
24215868.982229	0.89416231430079	0.0000000000000
24235445.270816	0.89508290477522	0.0000000000000
24255053.236246	0.89599288019785	0.0000000000000
24274692.955466	0.89689232577236	0.0000000000000
24294364.505673	0.89778132635753	0.0000000000000
24314067.964315	0.89865996645770	0.0000000000000
24333803.409091	0.89952833021377	0.0000000000000
24353570.917953	0.90038650139455	0.0000000000000
24373370.569106	0.90123456338865	0.0000000000000
24393202.441009	0.90207259919668	0.0000000000000
24413066.612378	0.90290069142390	0.0000000000000
24432963.162184	0.90371892227329	0.0000000000000
24452892.169657	0.90452737353896	0.0000000000000
24472853.714286	0.90532612659992	0.0000000000000
24492847.875817	0.90611526241428	0.0000000000000
24512874.734260	0.90689486151368	0.0000000000000
24532934.369885	0.90766500399817	0.0000000000000
24553026.863227	0.90842576953136	0.0000000000000
24573152.295082	0.90917723733583	0.0000000000000
24593310.746514	0.90991948618898	0.0000000000000
24613502.298851	0.91065259441905	0.0000000000000
24633727.033689	0.91137663990147	0.0000000000000
24653985.032895	0.91209170005549	0.0000000000000
24674276.378601	0.91279785184106	0.0000000000000
24694601.153213	0.91349517175601	0.0000000000000
24714959.439406	0.91418373583338	0.0000000000000
24735351.320132	0.91486361963911	0.0000000000000
24755776.878613	0.91553489826988	0.0000000000000
24776236.198347	0.91619764635119	0.0000000000000
24796729.363110	0.91685193803565	0.0000000000000
24817256.456954	0.91749784700154	0.0000000000000
24837817.564209	0.91813544645144	0.0000000000000
24858412.769486	0.91876480911122	0.0000000000000
24879042.157676	0.91938600722903	0.0000000000000
24899705.813953	0.91999911257465	0.0000000000000
24920403.823774	0.92060419643887	0.0000000000000
24941136.272879	0.92120132963313	0.0000000000000
24961903.247294	0.92179058248925	0.0000000000000
24982704.833333	0.92237202485937	0.0000000000000
25003541.117598	0.92294572611601	0.0000000000000
25024412.186978	0.92351175515225	0.0000000000000
25045318.128655	0.92407018038212	0.0000000000000
25066259.030100	0.92462106974100	0.0000000000000
25087234.979079	0.92516449068628	0.0000000000000
25108246.063652	0.92570051019805	0.0000000000000
25129292.372171	0.92622919477993	0.0000000000000
25150373.993289	0.92675061046001	0.0000000000000
25171491.015953	0.92726482279191	0.0000000000000
25192643.529412	0.92777189685589	0.0000000000000
25213831.623213	0.92827189726016	0.0000000000000
25235055.387205	0.92876488814214	0.0000000000000
25256314.911542	0.92925093316997	0.0000000000000
25277610.286678	0.92973009554392	0.0000000000000
25298941.603376	0.93020243799807	0.0000000000000
25320308.952703	0.93066802280192	0.0000000000000
25341712.426035	0.93112691176214	0.0000000000000
25363152.115059	0.93157916622439	0.0000000000000
25384628.111770	0.93202484707519	0.0000000000000
25406140.508475	0.93246401474383	0.0000000000000
25427689.397795	0.93289672920441	0.0000000000000
25449274.872666	0.93332304997785	0.0000000000000
25470897.026338	0.93374303613402	0.0000000000000
25492555.952381	0.93415674629387	0.0000000000000
25514251.744681	0.93456423863167	0.0000000000000
25535984.497445	0.93496557087721	0.0000000000000
25557754.305200	0.93536080031813	0.0000000000000
25579561.262799	0.93574998380221	0.0000000000000
25601405.465414	0.93613317773978	0.0000000000000
25623287.008547	0.93651043810608	0.0000000000000
25645205.988024	0.93688182044370	0.0000000000000
25667162.500000	0.93724737986507	0.0000000000000
25689156.640960	0.93760717105491	0.0000000000000
25711188.507719	0.93796124827278	0.0000000000000
25733258.197425	0.93830966535559	0.0000000000000
25755365.807560	0.93865247572020	0.0000000000000
25777511.435942	0.93898973236598	0.0000000000000
25799695.180723	0.93932148787739	0.0000000000000
25821917.140396	0.93964779442665	0.0000000000000
25844177.413793	0.93996870377633	0.0000000000000
25866476.100086	0.94028426728201	0.0000000000000
25888813.298791	0.94059453589495	0.0000000000000
25911189.109767	0.94089956016475	0.0000000000000
25933603.633218	0.94119939024202	0.0000000000000
25956056.969697	0.94149407588108	0.0000000000000
25978549.220104	0.94178366644265	0.0000000000000
26001080.485690	0.94206821089653	0.0000000000000
26023650.868056	0.94234775782435	0.0000000000000
26046260.469157	0.94262235542220	0.0000000000000
26068909.391304	0.94289205150342	0.0000000000000
26091597.737163	0.94315689350123	0.0000000000000
26114325.609756	0.94341692847151	0.0000000000000
26137093.112467	0.94367220309544	0.0000000000000
26159900.349040	0.94392276368225	0.0000000000000
26182747.423581	0.94416865617189	0.0000000000000
26205634.440559	0.94440992613774	0.0000000000000
26228561.504812	0.94464661878933	0.0000000000000
26251528.721541	0.94487877897495	0.0000000000000
26274536.196319	0.94510645118443	0.0000000000000
26297584.035088	0.94532967955171	0.0000000000000
26320672.344162	0.94554850785759	0.0000000000000
26343801.230228	0.94576297953234	0.0000000000000
26366970.800352	0.94597313765837	0.0000000000000
26390181.161972	0.94617902497284	0.0000000000000
26413432.422907	0.94638068387033	0.0000000000000
26436724.691358	0.94657815640542	0.0000000000000
26460058.075905	0.94677148429531	0.0000000000000
26483432.685512	0.94696070892244	0.0000000000000
26506848.629531	0.94714587133702	0.0000000000000
26530306.017699	0.94732701225966	0.0000000000000
26553804.960142	0.94750417208389	0.0000000000000
26577345.567376	0.94767739087870	0.0000000000000
26600927.950311	0.94784670839110	0.0000000000000
26624552.220249	0.94801216404863	0.0000000000000
26648218.488889	0.94817379696185	0.0000000000000
26671926.868327	0.94833164592684	0.0000000000000
26695677.471060	0.94848574942767	0.0000000000000
26719470.409982	0.94863614563885	0.0000000000000
26743305.798394	0.94878287242781	0.0000000000000
26767183.750000	0.94892596735727	0.0000000000000
26791104.378910	0.94906546768773	0.0000000000000
26815067.799642	0.94920141037979	0.0000000000000
26839074.127126	0.94933383209657	0.0000000000000
26863123.476703	0.94946276920610	0.0000000000000
26887215.964126	0.94958825778362	0.0000000000000
26911351.705566	0.94971033361393	0.0000000000000
26935530.817610	0.94982903219372	0.0000000000000
26959753.417266	0.94994438873388	0.0000000000000
26984019.621962	0.95005643816173	0.0000000000000
27008329.549550	0.95016521512334	0.0000000000000
27032683.318305	0.95027075398579	0.0000000000000
27057081.046931	0.95037308883932	0.0000000000000
27081522.854562	0.95047225349966	0.0000000000000
27106008.860759	0.95056828151013	0.0000000000000
27130539.185520	0.95066120614388	0.0000000000000
27155113.949275	0.95075106040606	0.0000000000000
27179733.272892	0.95083787703592	0.0000000000000
27204397.277677	0.95092168850900	0.0000000000000
27229106.085377	0.95100252703920	0.0000000000000
27253859.818182	0.95108042458090	0.0000000000000
27278658.598726	0.95115541283106	0.0000000000000
27303502.550091	0.95122752323122	0.0000000000000
27328391.795807	0.95129678696965	0.0000000000000
27353326.459854	0.95136323498327	0.0000000000000
27378306.666667	0.95142689795976	0.0000000000000
27403332.541133	0.95148780633949	0.0000000000000
27428404.208600	0.95154599031755	0.0000000000000
27453521.794872	0.95160147984568	0.0000000000000
27478685.426214	0.95165430463424	0.0000000000000
27503895.229358	0.95170449415415	0.0000000000000
27529151.331497	0.95175207763879	0.0000000000000
27554453.860294	0.95179708408588	0.0000000000000
27579802.943882	0.95183954225943	0.0000000000000
27605198.710866	0.95187948069155	0.0000000000000
27630641.290323	0.95191692768433	0.0000000000000
27656130.811808	0.95195191131166	0.0000000000000
27681667.405355	0.95198445942107	0.0000000000000
27707251.201479	0.95201459963554	0.0000000000000
27732882.331175	0.95204235935526	0.0000000000000
27758560.925926	0.95206776575945	0.0000000000000
27784287.117702	0.95209084580809	0.0000000000000
27810061.038961	0.95211162624367	0.0000000000000
27835882.822656	0.95213013359292	0.0000000000000
27861752.602230	0.95214639416856	0.0000000000000
27887670.511628	0.95216043407094	0.0000000000000
27913636.685289	0.95217227918980	0.0000000000000
27939651.258155	0.95218195520586	0.0000000000000
27965714.365672	0.95218948759257	0.0000000000000
27991826.143791	0.95219490161768	0.0000000000000
28017986.728972	0.95219822234490	0.0000000000000
28044196.258185	0.95219947463554	0.0000000000000
28070454.868914	0.95219868315008	0.0000000000000
28096762.699157	0.95219587234975	0.0000000000000
28123119.887430	0.95219106649816	0.0000000000000
28149526.572770	0.95218428966282	0.0000000000000
28175982.894737	0.95217556571668	0.0000000000000
28202488.993415	0.95216491833973	0.0000000000000
28229045.009416	0.95215237102044	0.0000000000000
28255651.083883	0.95213794705734	0.0000000000000
28282307.358491	0.95212166956050	0.0000000000000
28309013.975449	0.95210356145298	0.0000000000000
28335771.077505	0.95208364547236	0.0000000000000
28362578.807947	0.95206194417216	0.0000000000000
28389437.310606	0.95203847992333	0.0000000000000
28416346.729858	0.95201327491564	0.0000000000000
28443307.210626	0.95198635115914	0.0000000000000
28470318.898386	0.95195773048558	0.0000000000000
28497381.939163	0.95192743454977	0.0000000000000
28524496.479543	0.95189548483103	0.0000000000000
28551662.666667	0.95186190263452	0.0000000000000
28578880.648236	0.95182670909266	0.0000000000000
28606150.572519	0.95178992516642	0.0000000000000
28633472.588348	0.95175157164674	0.0000000000000
28660846.845124	0.95171166915582	0.0000000000000
28688273.492823	0.95167023814848	0.0000000000000
28715752.681992	0.95162729891342	0.0000000000000
28743284.563758	0.95158287157461	0.0000000000000
28770869.289827	0.95153697609249	0.0000000000000
28798507.012488	0.95148963226534	0.0000000000000
28826197.884615	0.95144085973050	0.0000000000000
28853942.059673	0.95139067796567	0.0000000000000
28881739.691715	0.95133910629012	0.0000000000000
28909590.935391	0.95128616386601	0.0000000000000
28937495.945946	0.95123186969953	0.0000000000000
28965454.879227	0.95117624264222	0.0000000000000
28993467.891683	0.95111930139214	0.0000000000000
29021535.140368	0.95106106449507	0.0000000000000
29049656.782946	0.95100155034573	0.0000000000000
29077832.977692	0.95094077718899	0.0000000000000
29106063.883495	0.95087876312099	0.0000000000000
29134349.659864	0.95081552609038	0.0000000000000
29162690.466926	0.95075108389944	0.0000000000000
29191086.465433	0.95068545420526	0.0000000000000
29219537.816764	0.95061865452089	0.0000000000000
29248044.682927	0.95055070221643	0.0000000000000
29276607.226562	0.95048161452024	0.0000000000000
29305225.610948	0.95041140852001	0.0000000000000
29333900.000000	0.95034010116387	0.0000000000000
29362630.558276	0.95026770926154	0.0000000000000
29391417.450980	0.95019424948539	0.0000000000000
29420260.843965	0.95011973837154	0.0000000000000
29449160.903733	0.95004419232095	0.0000000000000
29478117.797443	0.94996762760051	0.0000000000000
29507131.692913	0.94989006034408	0.0000000000000
29536202.758621	0.94981150655355	0.0000000000000
29565331.163708	0.94973198209994	0.0000000000000
29594517.077986	0.94965150272439	0.0000000000000
29623760.671937	0.94957008403923	0.0000000000000
29653062.116716	0.94948774152903	0.0000000000000
29682421.584158	0.94940449055156	0.0000000000000
29711839.246779	0.94932034633889	0.0000000000000
29741315.277778	0.94923532399834	0.0000000000000
29770849.851043	0.94914943851353	0.0000000000000
29800443.141153	0.94906270474533	0.0000000000000
29830095.323383	0.94897513743291	0.0000000000000
29859806.573705	0.94888675119467	0.0000000000000
29889577.068794	0.94879756052926	0.0000000000000
29919406.986028	0.94870757981652	0.0000000000000
29949296.503496	0.94861682331848	0.0000000000000
29979245.800000	0.94852530518029	0.0000000000000
30009255.055055	0.94843303943120	0.0000000000000
30039324.448898	0.94834003998547	0.0000000000000
30069454.162487	0.94824632064336	0.0000000000000
30099644.377510	0.94815189509204	0.0000000000000
30129895.276382	0.94805677690651	0.0000000000000
30160207.042254	0.94796097955053	0.0000000000000
30190579.859013	0.94786451637757	0.0000000000000
30221013.911290	0.94776740063168	0.0000000000000
30251509.384460	0.94766964544840	0.0000000000000
30282066.464646	0.94757126385569	0.0000000000000
30312685.338726	0.94747226877481	0.0000000000000
30343366.194332	0.94737267302120	0.0000000000000
30374109.219858	0.94727248930538	0.0000000000000
30404914.604462	0.94717173023383	0.0000000000000
30435782.538071	0.94707040830983	0.0000000000000
30466713.211382	0.94696853593438	0.0000000000000
30497706.815870	0.94686612540704	0.0000000000000
30528763.543788	0.94676318892675	0.0000000000000
30559883.588175	0.94665973859275	0.0000000000000
30591067.142857	0.94655578640539	0.0000000000000
30622314.402451	0.94645134426698	0.0000000000000
30653625.562372	0.94634642398261	0.0000000000000
30685000.818833	0.94624103726100	0.0000000000000
30716440.368852	0.94613519571533	0.0000000000000
30747944.410256	0.94602891086407	0.0000000000000
30779513.141684	0.94592219413175	0.0000000000000
30811146.762590	0.94581505684984	0.0000000000000
30842845.473251	0.94570751025749	0.0000000000000
30874609.474768	0.94559956550241	0.0000000000000
30906438.969072	0.94549123364157	0.0000000000000
30938334.158927	0.94538252564210	0.0000000000000
30970295.247934	0.94527345238200	0.0000000000000
31002322.440538	0.94516402465094	0.0000000000000
31034415.942029	0.94505425315109	0.0000000000000
31066575.958549	0.94494414849780	0.0000000000000
31098802.697095	0.94483372122048	0.0000000000000
31131096.365524	0.94472298176327	0.0000000000000
31163457.172557	0.94461194048586	0.0000000000000
31195885.327784	0.94450060766423	0.0000000000000
31228381.041667	0.94438899349139	0.0000000000000
31260944.525547	0.94427710807815	0.0000000000000
31293575.991649	0.94416496145384	0.0000000000000
31326275.653083	0.94405256356708	0.0000000000000
31359043.723849	0.94393992428647	0.0000000000000
31391880.418848	0.94382705340136	0.0000000000000
31424785.953878	0.94371396062257	0.0000000000000
31457760.545645	0.94360065558309	0.0000000000000
31490804.411765	0.94348714783882	0.0000000000000
31523917.770768	0.94337344686927	0.0000000000000
31557100.842105	0.94325956207828	0.0000000000000
31590353.846154	0.94314550279471	0.0000000000000
31623677.004219	0.94303127827315	0.0000000000000
31657070.538543	0.94291689769463	0.0000000000000
31690534.672304	0.94280237016728	0.0000000000000
31724069.629630	0.94268770472705	0.0000000000000
31757675.635593	0.94257291033839	0.0000000000000
31791352.916225	0.94245799589489	0.0000000000000
31825101.698514	0.94234297022003	0.0000000000000
31858922.210414	0.94222784206776	0.0000000000000
31892814.680851	0.94211262012327	0.0000000000000
31926779.339723	0.94199731300357	0.0000000000000
31960816.417910	0.94188192925819	0.0000000000000
31994926.147279	0.94176647736984	0.0000000000000
32029108.760684	0.94165096575502	0.0000000000000
32063364.491979	0.94153540276474	0.0000000000000
32097693.576017	0.94141979668511	0.0000000000000
32132096.248660	0.94130415573797	0.0000000000000
32166572.746781	0.94118848808158	0.0000000000000
32201123.308271	0.94107280181122	0.0000000000000
32235748.172043	0.94095710495982	0.0000000000000
32270447.578041	0.94084140549857	0.0000000000000
32305221.767241	0.94072571133760	0.0000000000000
32340070.981661	0.94061003032651	0.0000000000000
32374995.464363	0.94049437025507	0.0000000000000
32409995.459459	0.94037873885376	0.0000000000000
32445071.212121	0.94026314379443	0.0000000000000
32480222.968581	0.94014759269087	0.0000000000000
32515450.976139	0.94003209309941	0.0000000000000
32550755.483170	0.93991665251954	0.0000000000000
32586136.739130	0.93980127839446	0.0000000000000
32621594.994559	0.93968597811172	0.0000000000000
32657130.501089	0.93957075900374	0.0000000000000
32692743.511450	0.93945562834846	0.0000000000000
32728434.279476	0.93934059336986	0.0000000000000
32764203.060109	0.93922566123855	0.0000000000000
32800050.109409	0.93911083907237	0.0000000000000
32835975.684556	0.93899613393689	0.0000000000000
32871980.043860	0.93888155284605	0.0000000000000
32908063.446762	0.93876710276264	0.0000000000000
32944226.153846	0.93865279059892	0.0000000000000
32980468.426843	0.93853862321714	0.0000000000000
33016790.528634	0.93842460743008	0.0000000000000
33053192.723264	0.93831075000162	0.0000000000000
33089675.275938	0.93819705764725	0.0000000000000
33126238.453039	0.93808353703462	0.0000000000000
33162882.522124	0.93797019478410	0.0000000000000
33199607.751938	0.93785703746926	0.0000000000000
33236414.412417	0.93774407161742	0.0000000000000
33273302.774695	0.93763130371020	0.0000000000000
33310273.111111	0.93751874018397	0.0000000000000
33347325.695217	0.93740638743046	0.0000000000000
33384460.801782	0.93729425179716	0.0000000000000
33421678.706800	0.93718233958794	0.0000000000000
33458979.687500	0.93707065706347	0.0000000000000
33496364.022346	0.93695921044177	0.0000000000000
33533831.991051	0.93684800589868	0.0000000000000
33571383.874580	0.93673704956839	0.0000000000000
33609019.955157	0.93662634754389	0.0000000000000
33646740.516274	0.93651590587747	0.0000000000000
33684545.842697	0.93640573058124	0.0000000000000
33722436.220472	0.93629582762755	0.0000000000000
33760411.936937	0.93618620294953	0.0000000000000
33798473.280722	0.93607686244151	0.0000000000000
33836620.541761	0.93596781195951	0.0000000000000
33874854.011299	0.93585905732175	0.0000000000000
33913173.981900	0.93575060430903	0.0000000000000
33951580.747452	0.93564245866527	0.0000000000000
33990074.603175	0.93553462609792	0.0000000000000
34028655.845630	0.93542711227844	0.0000000000000
34067324.772727	0.93531992284273	0.0000000000000
34106081.683732	0.93521306339158	0.0000000000000
34144926.879271	0.93510653949113	0.0000000000000
34183860.661345	0.93500035667332	0.0000000000000
34222883.333333	0.93489452043628	0.0000000000000
34261995.200000	0.93478903624481	0.0000000000000
34301196.567506	0.93468390953080	0.0000000000000
34340487.743414	0.93457914569363	0.0000000000000
34379869.036697	0.93447475010065	0.0000000000000
34419340.757750	0.93437072808754	0.0000000000000
34458903.218391	0.93426708495878	0.0000000000000
34498556.731876	0.93416382598803	0.0000000000000
34538301.612903	0.93406095641855	0.0000000000000
34578138.177624	0.93395848146363	0.0000000000000
34618066.743649	0.93385640630697	0.0000000000000
34658087.630058	0.93375473610308	0.0000000000000
34698201.157407	0.93365347597769	0.0000000000000
34738407.647740	0.93355263102817	0.0000000000000
34778707.424594	0.93345220632387	0.0000000000000
34819100.813008	0.93335220690655	0.0000000000000
34859588.139535	0.93325263779074	0.0000000000000
34900169.732247	0.93315350396417	0.0000000000000
34940845.920746	0.93305481038808	0.0000000000000
34981617.036173	0.93295656199765	0.0000000000000
35022483.411215	0.93285876370237	0.0000000000000
35063445.380117	0.93276142038639	0.0000000000000
35104503.278689	0.93266453690888	0.0000000000000
35145657.444314	0.93256811810444	0.0000000000000
35186908.215962	0.93247216878343	0.0000000000000
35228255.934195	0.93237669373232	0.0000000000000
35269700.941176	0.93228169771406	0.0000000000000
35311243.580683	0.93218718546846	0.0000000000000
35352884.198113	0.93209316171246	0.0000000000000
35394623.140496	0.93199963114059	0.0000000000000
35436460.756501	0.93190659842519	0.0000000000000
35478397.396450	0.93181406821686	0.0000000000000
35520433.412322	0.93172204514474	0.0000000000000
35562569.157770	0.93163053381683	0.0000000000000
35604804.988124	0.93153953882039	0.0000000000000
35647141.260404	0.93144906472219	0.0000000000000
35689578.333333	0.93135911606889	0.0000000000000
35732116.567342	0.93126969738735	0.0000000000000
35774756.324582	0.93118081318494	0.0000000000000
35817497.968937	0.93109246794986	0.0000000000000
35860341.866029	0.93100466615146	0.0000000000000
35903288.383234	0.93091741224057	0.0000000000000
35946337.889688	0.93083071064977	0.0000000000000
35989490.756303	0.93074456579370	0.0000000000000
36032747.355769	0.93065898206942	0.0000000000000
36076108.062575	0.93057396385663	0.0000000000000
36119573.253012	0.93048951551804	0.0000000000000
36163143.305187	0.93040564139959	0.0000000000000
36206818.599034	0.93032234583083	0.0000000000000
36250599.516324	0.93023963312512	0.0000000000000
36294486.440678	0.93015750757999	0.0000000000000
36338479.757576	0.93007597347737	0.0000000000000
36382579.854369	0.92999503508391	0.0000000000000
36426787.120292	0.92991469665123	0.0000000000000
36471101.946472	0.92983496241622	0.0000000000000
36515524.725944	0.92975583660128	0.0000000000000
36560055.853659	0.92967732341462	0.0000000000000
36604695.726496	0.92959942705053	0.0000000000000
36649444.743276	0.92952215168960	0.0000000000000
36694303.304774	0.92944550149904	0.0000000000000
36739271.813725	0.92936948063290	0.0000000000000
36784350.674847	0.92929409323235	0.0000000000000
36829540.294840	0.92921934342591	0.0000000000000
36874841.082411	0.92914523532971	0.0000000000000
36920253.448276	0.92907177304777	0.0000000000000
36965777.805179	0.92899896067220	0.0000000000000
37011414.567901	0.92892680228346	0.0000000000000
37057164.153276	0.92885530195060	0.0000000000000
37103026.980198	0.92878446373152	0.0000000000000
37149003.469641	0.92871429167317	0.0000000000000
37195094.044665	0.92864478981182	0.0000000000000
37241299.130435	0.92857596217324	0.0000000000000
37287619.154229	0.92850781277298	0.0000000000000
37334054.545455	0.92844034561659	0.0000000000000
37380605.735661	0.92837356469978	0.0000000000000
37427273.158552	0.92830747400874	0.0000000000000
37474057.250000	0.92824207752027	0.0000000000000
37520958.448060	0.92817737920204	0.0000000000000
37567977.192982	0.92811338301280	0.0000000000000
37615113.927227	0.92805009290258	0.0000000000000
37662369.095477	0.92798751281290	0.0000000000000
37709743.144654	0.92792564667697	0.0000000000000
37757236.523929	0.92786449841993	0.0000000000000
37804849.684741	0.92780407195898	0.0000000000000
37852583.080808	0.92774437120364	0.0000000000000
37900437.168142	0.92768540005593	0.0000000000000
37948412.405063	0.92762716241054	0.0000000000000
37996509.252218	0.92756966215504	0.0000000000000
38044728.172589	0.92751290317010	0.0000000000000
38093069.631512	0.92745688932959	0.0000000000000
38141534.096692	0.92740162450084	0.0000000000000
38190122.038217	0.92734711254481	0.0000000000000
38238833.928571	0.92729335731623	0.0000000000000
38287670.242656	0.92724036266381	0.0000000000000
38336631.457801	0.92718813243041	0.0000000000000
38385718.053777	0.92713667045321	0.0000000000000
38434930.512821	0.92708598056386	0.0000000000000
38484269.319641	0.92703606658867	0.0000000000000
38533734.961440	0.92698693234877	0.0000000000000
38583327.927928	0.92693858166026	0.0000000000000
38633048.711340	0.92689101833439	0.0000000000000
38682897.806452	0.92684424617768	0.0000000000000
38732875.710594	0.92679826899213	0.0000000000000
38782982.923674	0.92675309057533	0.0000000000000
38833219.948187	0.92670871472062	0.0000000000000
38883587.289235	0.92666514521723	0.0000000000000
38934085.454545	0.92662238585046	0.0000000000000
38984714.954486	0.92658044040178	0.0000000000000
39035476.302083	0.92653931264899	0.0000000000000
39086370.013038	0.92649900636638	0.0000000000000
39137396.605744	0.92645952532481	0.0000000000000
39188556.601307	0.92642087329190	0.0000000000000
39239850.523560	0.92638305403214	0.0000000000000
39291278.899083	0.92634607130700	0.0000000000000
39342842.257218	0.92630992887509	0.0000000000000
39394541.130092	0.92627463049227	0.0000000000000
39446376.052632	0.92624017991177	0.0000000000000
39498347.562582	0.92620658088430	0.0000000000000
39550456.200528	0.92617383715820	0.0000000000000
39602702.509908	0.92614195247950	0.0000000000000
39655087.037037	0.92611093059211	0.0000000000000
39707610.331126	0.92608077523784	0.0000000000000
39760272.944297	0.92605149015659	0.0000000000000
39813075.431607	0.92602307908641	0.0000000000000
39866018.351064	0.92599554576359	0.0000000000000
39919102.263648	0.92596889392283	0.0000000000000
39972327.733333	0.92594312729725	0.0000000000000
40025695.327103	0.92591824961855	0.0000000000000
40079205.614973	0.92589426461707	0.0000000000000
40132859.170013	0.92587117602191	0.0000000000000
40186656.568365	0.92584898756098	0.0000000000000
40240598.389262	0.92582770296114	0.0000000000000
40294685.215054	0.92580732594822	0.0000000000000
40348917.631225	0.92578786024715	0.0000000000000
40403296.226415	0.92576930958203	0.0000000000000
40457821.592443	0.92575167767618	0.0000000000000
40512494.324324	0.92573496825225	0.0000000000000
40567315.020298	0.92571918503228	0.0000000000000
40622284.281843	0.92570433173775	0.0000000000000
40677402.713704	0.92569041208968	0.0000000000000
40732670.923913	0.92567742980866	0.0000000000000
40788089.523810	0.92566538861494	0.0000000000000
40843659.128065	0.92565429222847	0.0000000000000
40899380.354707	0.92564414436896	0.0000000000000
40955253.825137	0.92563494875594	0.0000000000000
41011280.164159	0.92562670910883	0.0000000000000
41067460.000000	0.92561942914694	0.0000000000000
41123793.964335	0.92561311258956	0.0000000000000
41180282.692308	0.92560776315597	0.0000000000000
41236926.822558	0.92560338456552	0.0000000000000
41293726.997245	0.92559998053763	0.0000000000000
41350683.862069	0.92559755479185	0.0000000000000
41407798.066298	0.92559611104789	0.0000000000000
41465070.262794	0.92559565302561	0.0000000000000
41522501.108033	0.92559618444513	0.0000000000000
41580091.262136	0.92559770902677	0.0000000000000
41637841.388889	0.92560023049111	0.0000000000000
41695752.155772	0.92560375255902	0.0000000000000
41753824.233983	0.92560827895164	0.0000000000000
41812058.298466	0.92561381339043	0.0000000000000
41870455.027933	0.92562035959715	0.0000000000000
41929015.104895	0.92562792129389	0.0000000000000
41987739.215686	0.92563650220304	0.0000000000000
42046628.050491	0.92564610604733	0.0000000000000
42105682.303371	0.92565673654981	0.0000000000000
42164902.672293	0.92566839743383	0.0000000000000
42224289.859155	0.92568109242306	0.0000000000000
42283844.569817	0.92569482524145	0.0000000000000
42343567.514124	0.92570959961323	0.0000000000000
42403459.405941	0.92572541926289	0.0000000000000
42463520.963173	0.92574228791514	0.0000000000000
42523752.907801	0.92576020929492	0.0000000000000
42584155.965909	0.92577918712734	0.0000000000000
42644730.867710	0.92579922513765	0.0000000000000
42705478.347578	0.92582032705122	0.0000000000000
42766399.144080	0.92584249659349	0.0000000000000
42827494.000000	0.92586573748992	0.0000000000000
42888763.662375	0.92589005346595	0.0000000000000
42950208.882521	0.92591544824697	0.0000000000000
43011830.416069	0.92594192555821	0.0000000000000
43073629.022989	0.92596948912473	0.0000000000000
43135605.467626	0.92599814267136	0.0000000000000
43197760.518732	0.92602788992258	0.0000000000000
43260094.949495	0.92605873460251	0.0000000000000
43322609.537572	0.92609068043480	0.0000000000000
43385305.065123	0.92612373114256	0.0000000000000
43448182.318841	0.92615789044829	0.0000000000000
43511242.089985	0.92619316207375	0.0000000000000
43574485.174419	0.92622954973992	0.0000000000000
43637912.372635	0.92626705716687	0.0000000000000
43701524.489796	0.92630568807368	0.0000000000000
43765322.335766	0.92634544617830	0.0000000000000
43829306.725146	0.92638633519748	0.0000000000000
43893478.477306	0.92642835884663	0.0000000000000
43957838.416422	0.92647152083971	0.0000000000000
44022387.371512	0.92651582488909	0.0000000000000
44087126.176471	0.92656127470543	0.0000000000000
44152055.670103	0.92660787399755	0.0000000000000
44217176.696165	0.92665562647227	0.0000000000000
44282490.103397	0.92670453583430	0.0000000000000
44347996.745562	0.92675460578603	0.0000000000000
44413697.481481	0.92680584002744	0.0000000000000
44479593.175074	0.92685824225588	0.0000000000000
44545684.695394	0.92691181616592	0.0000000000000
44611972.916667	0.92696656544920	0.0000000000000
44678458.718331	0.92702249379422	0.0000000000000
44745142.985075	0.92707960488614	0.0000000000000
44812026.606876	0.92713790240665	0.0000000000000
44879110.479042	0.92719739003368	0.0000000000000
44946395.502249	0.92725807144128	0.0000000000000
45013882.582583	0.92731995029935	0.0000000000000
45081572.631579	0.92738303027343	0.0000000000000
45149466.566265	0.92744731502452	0.0000000000000
45217565.309201	0.92751280820877	0.0000000000000
45285869.788520	0.92757951347729	0.0000000000000
45354380.937973	0.92764743447590	0.0000000000000
45423099.696970	0.92771657484485	0.0000000000000
45492027.010622	0.92778693821860	0.0000000000000
45561163.829787	0.92785852822548	0.0000000000000
45630511.111111	0.92793134848749	0.0000000000000
45700069.817073	0.92800540261995	0.0000000000000
45769840.916031	0.92808069423125	0.0000000000000
45839825.382263	0.92815722692251	0.0000000000000
45910024.196018	0.92823500428729	0.0000000000000
45980438.343558	0.92831402991127	0.0000000000000
46051068.817204	0.92839430737191	0.0000000000000
46121916.615385	0.92847584023812	0.0000000000000
46192982.742681	0.92855863206989	0.0000000000000
46264268.209877	0.92864268641796	0.0000000000000
46335774.034003	0.92872800682345	0.0000000000000
46407501.238390	0.92881459681746	0.0000000000000
46479450.852713	0.92890245992070	0.0000000000000
46551623.913043	0.92899159964308	0.0000000000000
46624021.461897	0.92908201948333	0.0000000000000
46696644.548287	0.92917372292854	0.0000000000000
46769494.227769	0.92926671345375	0.0000000000000
46842571.562500	0.92936099452151	0.0000000000000
46915877.621283	0.92945656958144	0.0000000000000
46989413.479624	0.92955344206973	0.0000000000000
47063180.219780	0.92965161540868	0.0000000000000
47137178.930818	0.92975109300623	0.0000000000000
47211410.708661	0.92985187825543	0.0000000000000
47285876.656151	0.92995397453393	0.0000000000000
47360577.883096	0.93005738520347	0.0000000000000
47435515.506329	0.93016211360933	0.0000000000000
47510690.649762	0.93026816307977	0.0000000000000
47586104.444444	0.93037553692545	0.0000000000000
47661758.028617	0.93048423843888	0.0000000000000
47737652.547771	0.93059427089380	0.0000000000000
47813789.154705	0.93070563754458	0.0000000000000
47890169.009585	0.93081834162556	0.0000000000000
47966793.280000	0.93093238635046	0.0000000000000
48043663.141026	0.93104777491168	0.0000000000000
48120779.775281	0.93116451047965	0.0000000000000
48198144.372990	0.93128259620211	0.0000000000000
48275758.132045	0.93140203520344	0.0000000000000
48353622.258065	0.93152283058389	0.0000000000000
48431737.964459	0.93164498541890	0.0000000000000
48510106.472492	0.93176850275826	0.0000000000000
48588729.011345	0.93189338562539	0.0000000000000
48667606.818182	0.93201963701652	0.0000000000000
48746741.138211	0.93214725989988	0.0000000000000
48826133.224756	0.93227625721486	0.0000000000000
48905784.339315	0.93240663187113	0.0000000000000
48985695.751634	0.93253838674781	0.0000000000000
49065868.739771	0.93267152469254	0.0000000000000
49146304.590164	0.93280604852055	0.0000000000000
49227004.597701	0.93294196101376	0.0000000000000
49307970.065789	0.93307926491976	0.0000000000000
49389202.306425	0.93321796295089	0.0000000000000
49470702.640264	0.93335805778315	0.0000000000000
49552472.396694	0.93349955205524	0.0000000000000
49634512.913907	0.93364244836747	0.0000000000000
49716825.538972	0.93378674928067	0.0000000000000
49799411.627907	0.93393245731509	0.0000000000000
49882272.545757	0.93407957494927	0.0000000000000
49965409.666667	0.93422810461886	0.0000000000000
50048824.373957	0.93437804871547	0.0000000000000
50132518.060201	0.93452940958541	0.0000000000000
50216492.127303	0.93468218952849	0.0000000000000
50300747.986577	0.93483639079669	0.0000000000000
50385287.058824	0.93499201559292	0.0000000000000
50470110.774411	0.93514906606965	0.0000000000000
50555220.573356	0.93530754432754	0.0000000000000
50640617.905405	0.93546745241409	0.0000000000000
50726304.230118	0.93562879232216	0.0000000000000
50812281.016949	0.93579156598854	0.0000000000000
50898549.745331	0.93595577529244	0.0000000000000
50985111.904762	0.93612142205399	0.0000000000000
51071968.994889	0.93628850803263	0.0000000000000
51159122.525597	0.93645703492556	0.0000000000000
51246574.017094	0.93662700436607	0.0000000000000
51334325.000000	0.93679841792189	0.0000000000000
51422377.015437	0.93697127709346	0.0000000000000
51510731.615120	0.93714558331217	0.0000000000000
51599390.361446	0.93732133793863	0.0000000000000
51688354.827586	0.93749854226074	0.0000000000000
51777626.597582	0.93767719749191	0.0000000000000
51867207.266436	0.93785730476909	0.0000000000000
51957098.440208	0.93803886515083	0.0000000000000
52047301.736111	0.93822187961526	0.0000000000000
52137818.782609	0.93840634905806	0.0000000000000
52228651.219512	0.93859227429036	0.0000000000000
52319800.698080	0.93877965603659	0.0000000000000
52411268.881119	0.93896849493229	0.0000000000000
52503057.443082	0.93915879152185	0.0000000000000
52595168.070175	0.93935054625626	0.0000000000000
52687602.460457	0.93954375949073	0.0000000000000
52780362.323944	0.93973843148231	0.0000000000000
52873449.382716	0.93993456238744	0.0000000000000
52966865.371025	0.94013215225941	0.0000000000000
53060612.035398	0.94033120104584	0.0000000000000
53154691.134752	0.94053170858607	0.0000000000000
53249104.440497	0.94073367460840	0.0000000000000
53343853.736655	0.94093709872746	0.0000000000000
53438940.819964	0.94114198044130	0.0000000000000
53534367.500000	0.94134831912864	0.0000000000000
53630135.599284	0.94155611404582	0.0000000000000
53726246.953405	0.94176536432391	0.0000000000000
53822703.411131	0.94197606896559	0.0000000000000
53919506.834532	0.94218822684204	0.0000000000000
54016659.099099	0.94240183668973	0.0000000000000
54114162.093863	0.94261689710718	0.0000000000000
54212017.721519	0.94283340655156	0.0000000000000
54310227.898551	0.94305136333533	0.0000000000000
54408794.555354	0.94327076562272	0.0000000000000
54507719.636364	0.94349161142613	0.0000000000000
54607005.100182	0.94371389860254	0.0000000000000
54706652.919708	0.94393762484972	0.0000000000000
54806665.082267	0.94416278770243	0.0000000000000
54907043.589744	0.94438938452855	0.0000000000000
55007790.458716	0.94461741252503	0.0000000000000
55108907.720588	0.94484686871388	0.0000000000000
55210397.421731	0.94507774993795	0.0000000000000
55312261.623616	0.94531005285670	0.0000000000000
55414502.402957	0.94554377394182	0.0000000000000
55517121.851852	0.94577890947283	0.0000000000000
55620122.077922	0.94601545553246	0.0000000000000
55723505.204461	0.94625340800205	0.0000000000000
55827273.370577	0.94649276255680	0.0000000000000
55931428.731343	0.94673351466088	0.0000000000000
56035973.457944	0.94697565956248	0.0000000000000
56140909.737828	0.94721919228874	0.0000000000000
56246239.774859	0.94746410764056	0.0000000000000
56351965.789474	0.94771040018730	0.0000000000000
56458090.018832	0.94795806426134	0.0000000000000
56564614.716981	0.94820709395260	0.0000000000000
56671542.155009	0.94845748310280	0.0000000000000
56778874.621212	0.94870922529976	0.0000000000000
56886614.421252	0.94896231387142	0.0000000000000
56994763.878327	0.94921674187983	0.0000000000000
57103325.333333	0.94947250211498	0.0000000000000
57212301.145038	0.94972958708848	0.0000000000000
57321693.690249	0.94998798902712	0.0000000000000
57431505.363985	0.95024769986627	0.0000000000000
57541738.579654	0.95050871124316	0.0000000000000
57652395.769231	0.95077101448999	0.0000000000000
57763479.383430	0.95103460062690	0.0000000000000
57874991.891892	0.95129946035478	0.0000000000000
57986935.783366	0.95156558404795	0.0000000000000
58099313.565891	0.95183296174661	0.0000000000000
58212127.766990	0.95210158314924	0.0000000000000
58325380.933852	0.95237143760470	0.0000000000000
58439075.633528	0.95264251410426	0.0000000000000
58553214.453125	0.95291480127345	0.0000000000000
58667800.000000	0.95318828736362	0.0000000000000
58782834.901961	0.95346296024347	0.0000000000000
58898321.807466	0.95373880739032	0.0000000000000
59014263.385827	0.95401581588116	0.0000000000000
59130662.327416	0.95429397238358	0.0000000000000
59247521.343874	0.95457326314644	0.0000000000000
59364843.168317	0.95485367399037	0.0000000000000
59482630.555556	0.95513519029806	0.0000000000000
59600886.282306	0.95541779700434	0.0000000000000
59719613.147410	0.95570147858604	0.0000000000000
59838813.972056	0.95598621905163	0.0000000000000
59958491.600000	0.95627200193064	0.0000000000000
60078648.897796	0.95655881026284	0.0000000000000
60199288.755020	0.95684662658725	0.0000000000000
60320414.084507	0.95713543293079	0.0000000000000
60442027.822581	0.95742521079680	0.0000000000000
60564132.929293	0.95771594115325	0.0000000000000
60686732.388664	0.95800760442077	0.0000000000000
60809829.208925	0.95830018046028	0.0000000000000
60933426.422764	0.95859364856053	0.0000000000000
61057527.087576	0.95888798742525	0.0000000000000
61182134.285714	0.95918317516007	0.0000000000000
61307251.124744	0.95947918925914	0.0000000000000
61432880.737705	0.95977600659151	0.0000000000000
61559026.283368	0.96007360338718	0.0000000000000
61685690.946502	0.96037195522285	0.0000000000000
61812877.938144	0.96067103700737	0.0000000000000
61940590.495868	0.96097082296693	0.0000000000000
62068831.884058	0.96127128662987	0.0000000000000
62197605.394191	0.96157240081119	0.0000000000000
62326914.345114	0.96187413759673	0.0000000000000
62456762.083333	0.96217646832706	0.0000000000000
62587151.983299	0.96247936358096	0.0000000000000
62718087.447699	0.96278279315859	0.0000000000000
62849571.907757	0.96308672606431	0.0000000000000
62981608.823529	0.96339113048913	0.0000000000000
63114201.684211	0.96369597379276	0.0000000000000
63247354.008439	0.96400122248538	0.0000000000000
63381069.344609	0.96430684220890	0.0000000000000
63515351.271186	0.96461279771792	0.0000000000000
63650203.397028	0.96491905286030	0.0000000000000
63785629.361702	0.96522557055722	0.0000000000000
63921632.835821	0.96553231278297	0.0000000000000
64058217.521368	0.96583924054421	0.0000000000000
64195387.152034	0.96614631385886	0.0000000000000
64333145.493562	0.96645349173453	0.0000000000000
64471496.344086	0.96676073214652	0.0000000000000
64610443.534483	0.96706799201535	0.0000000000000
64749990.928726	0.96737522718382	0.0000000000000
64890142.424242	0.96768239239368	0.0000000000000
65030901.952278	0.96798944126171	0.0000000000000
65172273.478261	0.96829632625540	0.0000000000000
65314261.002179	0.96860299866806	0.0000000000000
65456868.558952	0.96890940859354	0.0000000000000
65600100.218818	0.96921550490029	0.0000000000000
65743960.087719	0.96952123520503	0.0000000000000
65888452.307692	0.96982654584583	0.0000000000000
66033581.057269	0.97013138185464	0.0000000000000
66179350.551876	0.97043568692928	0.0000000000000
66325765.044248	0.97073940340494	0.0000000000000
66472828.824834	0.97104247222498	0.0000000000000
66620546.222222	0.97134483291127	0.0000000000000
66768921.603563	0.97164642353390	0.0000000000000
66917959.375000	0.97194718068030	0.0000000000000
67067663.982103	0.97224703942374	0.0000000000000
67218039.910314	0.97254593329122	0.0000000000000
67369091.685393	0.97284379423080	0.0000000000000
67520823.873874	0.97314055257816	0.0000000000000
67673241.083521	0.97343613702266	0.0000000000000
67826347.963801	0.97373047457269	0.0000000000000
67980149.206349	0.97402349052029	0.0000000000000
68134649.545455	0.97431510840525	0.0000000000000
68289853.758542	0.97460524997835	0.0000000000000
68445766.666667	0.97489383516408	0.0000000000000
68602393.135011	0.97518078202253	0.0000000000000
68759738.073394	0.97546600671064	0.0000000000000
68917806.436782	0.97574942344272	0.0000000000000
69076603.225806	0.97603094445018	0.0000000000000
69236133.487298	0.97631047994066	0.0000000000000
69396402.314815	0.97658793805625	0.0000000000000
69557414.849188	0.97686322483107	0.0000000000000
69719176.279070	0.97713624414805	0.0000000000000
69881691.841492	0.97740689769492	0.0000000000000
70044966.822430	0.97767508491944	0.0000000000000
70209006.557377	0.97794070298386	0.0000000000000
70373816.431925	0.97820364671850	0.0000000000000
70539401.882353	0.97846380857463	0.0000000000000
70705768.396226	0.97872107857649	0.0000000000000
70872921.513002	0.97897534427248	0.0000000000000
71040866.824645	0.97922649068550	0.0000000000000
71209609.976247	0.97947440026257	0.0000000000000
71379156.666667	0.97971895282346	0.0000000000000
71549512.649165	0.97996002550859	0.0000000000000
71720683.732057	0.98019749272606	0.0000000000000
71892675.779377	0.98043122609773	0.0000000000000
72065494.711538	0.98066109440462	0.0000000000000
72239146.506024	0.98088696353127	0.0000000000000
72413637.198068	0.98110869640937	0.0000000000000
72588972.881356	0.98132615296044	0.0000000000000
72765159.708738	0.98153919003768	0.0000000000000
72942203.892944	0.98174766136696	0.0000000000000
73120111.707317	0.98195141748691	0.0000000000000
73298889.486553	0.98215030568816	0.0000000000000
73478543.627451	0.98234416995173	0.0000000000000
73659080.589681	0.98253285088655	0.0000000000000
73840506.896552	0.98271618566607	0.0000000000000
74022829.135802	0.98289400796413	0.0000000000000
74206053.960396	0.98306614788987	0.0000000000000
74390188.089330	0.98323243192183	0.0000000000000
74575238.308458	0.98339268284129	0.0000000000000
74761211.471322	0.98354671966468	0.0000000000000
74948114.500000	0.98369435757526	0.0000000000000
75135954.385965	0.98383540785397	0.0000000000000
75324738.190955	0.98396967780948	0.0000000000000
75514473.047859	0.98409697070753	0.0000000000000
75705166.161616	0.98421708569946	0.0000000000000
75896824.810127	0.98432981775004	0.0000000000000
76089456.345178	0.98443495756458	0.0000000000000
76283068.193384	0.98453229151539	0.0000000000000
76477667.857143	0.98462160156752	0.0000000000000
76673262.915601	0.98470266520395	0.0000000000000
76869861.025641	0.98477525535009	0.0000000000000
77067469.922879	0.98483914029776	0.0000000000000
77266097.422680	0.98489408362868	0.0000000000000
77465751.421189	0.98493984413737	0.0000000000000
77666439.896373	0.98497617575368	0.0000000000000
77868170.909091	0.98500282746487	0.0000000000000
78070952.604167	0.98501954323733	0.0000000000000
78274793.211488	0.98502606193803	0.0000000000000
78479701.047120	0.98502211725560	0.0000000000000
78685684.514436	0.98500743762139	0.0000000000000
78892752.105263	0.98498174613021	0.0000000000000
79100912.401055	0.98494476046108	0.0000000000000
79310174.074074	0.98489619279798	0.0000000000000
79520545.888594	0.98483574975065	0.0000000000000
79732036.702128	0.98476313227549	0.0000000000000
79944655.466667	0.98467803559678	0.0000000000000
80158411.229947	0.98458014912808	0.0000000000000
80373313.136729	0.98446915639414	0.0000000000000
80589370.430108	0.98434473495328	0.0000000000000
80806592.452830	0.98420655632030	0.0000000000000
81024988.648649	0.98405428589016	0.0000000000000
81244568.563686	0.98388758286249	0.0000000000000
81465341.847826	0.98370610016696	0.0000000000000
81687318.256131	0.98350948438973	0.0000000000000
81910507.650273	0.98329737570115	0.0000000000000
82134920.000000	0.98306940778468	0.0000000000000
82360565.384615	0.98282520776734	0.0000000000000
82587453.994490	0.98256439615173	0.0000000000000
82815596.132597	0.98228658674989	0.0000000000000
83045002.216066	0.98199138661898	0.0000000000000
83275682.777778	0.98167839599916	0.0000000000000
83507648.467967	0.98134720825371	0.0000000000000
83740910.055866	0.98099740981160	0.0000000000000
83975478.431373	0.98062858011277	0.0000000000000
84211364.606742	0.98024029155622	0.0000000000000
84448579.718310	0.97983210945118	0.0000000000000
84687135.028249	0.97940359197163	0.0000000000000
84927041.926346	0.97895429011423	0.0000000000000
85168311.931818	0.97848374766014	0.0000000000000
85410956.695157	0.97799150114070	0.0000000000000
85654988.000000	0.97747707980749	0.0000000000000
85900417.765043	0.97694000560682	0.0000000000000
86147258.045977	0.97637979315907	0.0000000000000
86395521.037464	0.97579594974307	0.0000000000000
86645219.075145	0.97518797528588	0.0000000000000
86896364.637681	0.97455536235822	0.0000000000000
87148970.348837	0.97389759617592	0.0000000000000
87403048.979592	0.97321415460762	0.0000000000000
87658613.450292	0.97250450818918	0.0000000000000
87915676.832845	0.97176812014501	0.0000000000000
88174252.352941	0.97100444641684	0.0000000000000
88434353.392330	0.97021293570007	0.0000000000000
88695993.491124	0.96939302948826	0.0000000000000
88959186.350148	0.96854416212612	0.0000000000000
89223945.833333	0.96766576087126	0.0000000000000
89490285.970149	0.96675724596528	0.0000000000000
89758220.958084	0.96581803071446	0.0000000000000
90027765.165165	0.96484752158060	0.0000000000000
90298933.132530	0.96384511828236	0.0000000000000
90571739.577039	0.96281021390755	0.0000000000000
90846199.393939	0.96174219503679	0.0000000000000
91122327.659574	0.96064044187915	0.0000000000000
91400139.634146	0.95950432841999	0.0000000000000
91679650.764526	0.95833322258167	0.0000000000000
91960876.687117	0.95712648639749	0.0000000000000
92243833.230769	0.95588347619941	0.0000000000000
92528536.419753	0.95460354281999	0.0000000000000
92815002.476780	0.95328603180910	0.0000000000000
93103247.826087	0.95193028366575	0.0000000000000
93393289.096573	0.95053563408577	0.0000000000000
93685143.125000	0.94910141422560	0.0000000000000
93978826.959248	0.94762695098285	0.0000000000000
94274357.861635	0.94611156729402	0.0000000000000
94571753.312303	0.94455458244995	0.0000000000000
94871031.012658	0.94295531242945	0.0000000000000
95172208.888889	0.94131307025160	0.0000000000000
95475305.095541	0.93962716634719	0.0000000000000
95780338.019169	0.93789690894978	0.0000000000000
96087326.282051	0.93612160450683	0.0000000000000
96396288.745981	0.93430055811137	0.0000000000000
96707244.516129	0.93243307395457	0.0000000000000
97020212.944984	0.93051845579972	0.0000000000000
97335213.636364	0.92855600747798	0.0000000000000
97652266.449511	0.92654503340617	0.0000000000000
97971391.503268	0.92448483912719	0.0000000000000
98292609.180328	0.92237473187313	0.0000000000000
98615940.131579	0.92021402115155	0.0000000000000
98941405.280528	0.91800201935513	0.0000000000000
99269025.827815	0.91573804239492	0.0000000000000
99598823.255814	0.91342141035739	0.0000000000000
99930819.333333	0.91105144818545	0.0000000000000
100265036.12040	0.90862748638355	0.0000000000000
100601495.97315	0.90614886174691	0.0000000000000
100940221.54882	0.90361491811489	0.0000000000000
101281235.81081	0.90102500714849	0.0000000000000
101624562.03390	0.89837848913194	0.0000000000000
101970223.80952	0.89567473379806	0.0000000000000
102318245.05119	0.89291312117736	0.0000000000000
102668650.00000	0.89009304247054	0.0000000000000
103021463.23024	0.88721390094397	0.0000000000000
103376709.65517	0.88427511284782	0.0000000000000
103734414.53287	0.88127610835630	0.0000000000000
104094603.47222	0.87821633252948	0.0000000000000
104457302.43902	0.87509524629591	0.0000000000000
104822537.76224	0.87191232745546	0.0000000000000
105190336.14035	0.86866707170141	0.0000000000000
105560724.64789	0.86535899366089	0.0000000000000
105933730.74205	0.86198762795274	0.0000000000000
106309382.26950	0.85855253026156	0.0000000000000
106687707.47331	0.85505327842674	0.0000000000000
107068735.00000	0.85148947354524	0.0000000000000
107452493.90681	0.84786074108660	0.0000000000000
107839013.66906	0.84416673201869	0.0000000000000
108228324.18773	0.84040712394257	0.0000000000000
108620455.79710	0.83658162223470	0.0000000000000
109015439.27273	0.83268996119466	0.0000000000000
109413305.83942	0.82873190519640	0.0000000000000
109814087.17949	0.82470724984100	0.0000000000000
110217815.44118	0.82061582310872	0.0000000000000
110624523.24723	0.81645748650808	0.0000000000000
111034243.70370	0.81223213621955	0.0000000000000
