freq	Re	Im
2.7000000000000	-4.5008907920215	6.8354621767042
2.7100000000000	-4.3943493100414	6.8884857755755
2.7200000000000	-4.2895969231471	6.9410657839164
2.7300000000000	-4.1866134294872	6.9932087841222
2.7400000000000	-4.0853790934489	7.0449210636846
2.7500000000000	-3.9858746325156	7.0962086101699
2.7600000000000	-3.8880812036874	7.1470771067987
2.7700000000000	-3.7919803895187	7.1975319286461
2.7800000000000	-3.6975541838303	7.2475781394709
2.7900000000000	-3.6047849771501	7.2972204891809
2.8000000000000	-3.5136555419363	7.3464634119380
2.8100000000000	-3.4241490176372	7.3953110248982
2.8200000000000	-3.3362488956364	7.4437671275832
2.8300000000000	-3.2499390041334	7.4918352018720
2.8400000000000	-3.1652034930050	7.5395184126026
2.8500000000000	-3.0820268186910	7.5868196087657
2.8600000000000	-3.0003937291459	7.6337413252767
2.8700000000000	-2.9202892488927	7.6802857853028
2.8800000000000	-2.8416986642171	7.7264549031279
2.8900000000000	-2.7646075085299	7.7722502875302
2.9000000000000	-2.6890015479322	7.8176732456513
2.9100000000000	-2.6148667670053	7.8627247873323
2.9200000000000	-2.5421893548534	7.9074056298922
2.9300000000000	-2.4709556914172	7.9517162033240
2.9400000000000	-2.4011523340804	7.9956566558864
2.9500000000000	-2.3327660045836	8.0392268600617
2.9600000000000	-2.2657835762618	8.0824264188626
2.9700000000000	-2.2001920616174	8.1252546724573
2.9800000000000	-2.1359786002394	8.1677107050954
2.9900000000000	-2.0731304470786	8.2097933523098
3.0000000000000	-2.0116349610856	8.2515012083719
3.0100000000000	-1.9514795942186	8.2928326339818
3.0200000000000	-1.8926518808249	8.3337857641706
3.0300000000000	-1.8351394274006	8.3743585163976
3.0400000000000	-1.7789299027310	8.4145485988214
3.0500000000000	-1.7240110284138	8.4543535187298
3.0600000000000	-1.6703705697652	8.4937705911089
3.0700000000000	-1.6179963271109	8.5327969473360
3.0800000000000	-1.5668761274594	8.5714295439812
3.0900000000000	-1.5169978165594	8.6096651717021
3.1000000000000	-1.4683492513372	8.6475004642169
3.1100000000000	-1.4209182927150	8.6849319073436
3.1200000000000	-1.3746927988059	8.7219558480908
3.1300000000000	-1.3296606184843	8.7585685037875
3.1400000000000	-1.2858095853285	8.7947659712419
3.1500000000000	-1.2431275119326	8.8305442359147
3.1600000000000	-1.2016021845852	8.8658991810975
3.1700000000000	-1.1612213583099	8.9008265970857
3.1800000000000	-1.1219727522657	8.9353221903339
3.1900000000000	-1.0838440455028	8.9693815925859
3.2000000000000	-1.0468228730696	9.0030003699673
3.2100000000000	-1.0108968224670	9.0361740320332
3.2200000000000	-0.97605343044685	9.0688980407601
3.2300000000000	-0.94228018014814	9.1011678194741
3.2400000000000	-0.90956449856803	9.1329787617065
3.2500000000000	-0.87789375436239	9.1643262399673
3.2600000000000	-0.84725525597113	9.1952056144292
3.2700000000000	-0.81763625006325	9.2256122415140
3.2800000000000	-0.78902392029647	9.2555414823721
3.2900000000000	-0.76140538638608	9.2849887112486
3.3000000000000	-0.73476770347754	9.3139493237279
3.3100000000000	-0.70909786181708	9.3424187448482
3.3200000000000	-0.68438278671432	9.3703924370806
3.3300000000000	-0.66060933879108	9.3978659081632
3.3400000000000	-0.63776431450986	9.4248347187856
3.3500000000000	-0.61583444697552	9.4512944901145
3.3600000000000	-0.59480640700371	9.4772409111553
3.3700000000000	-0.57466680444888	9.5026697459430
3.3800000000000	-0.55540218978508	9.5275768405553
3.3900000000000	-0.53699905593195	9.5519581299428
3.4000000000000	-0.51944384031868	9.5758096445690
3.4100000000000	-0.50272292717814	9.5991275168564
3.4200000000000	-0.48682265006329	9.6219079874313
3.4300000000000	-0.47172929457786	9.6441474111632
3.4400000000000	-0.45742910131293	9.6658422629932
3.4500000000000	-0.44390826898116	9.6869891435476
3.4600000000000	-0.43115295773994	9.7075847845311
3.4700000000000	-0.41914929269463	9.7276260538965
3.4800000000000	-0.40788336757320	9.7471099607863
3.4900000000000	-0.39734124856294	9.7660336602432
3.5000000000000	-0.38750897830037	9.7843944576858
3.5100000000000	-0.37837258000468	9.8021898131472
3.5200000000000	-0.36991806174557	9.8194173452730
3.5300000000000	-0.36213142083604	9.8360748350778
3.5400000000000	-0.35499864834016	9.8521602294564
3.5500000000000	-0.34850573368679	9.8676716444509
3.5600000000000	-0.34263866937896	9.8826073682692
3.5700000000000	-0.33738345578978	9.8969658640570
3.5800000000000	-0.33272610603467	9.9107457724209
3.5900000000000	-0.32865265091070	9.9239459137041
3.6000000000000	-0.32514914389282	9.9365652900127
3.6100000000000	-0.32220166617787	9.9486030869957
3.6200000000000	-0.31979633176653	9.9600586753788
3.6300000000000	-0.31791929257354	9.9709316122517
3.6400000000000	-0.31655674355728	9.9812216421138
3.6500000000000	-0.31569492785886	9.9909286976776
3.6600000000000	-0.31532014194196	10.000052900433
3.6700000000000	-0.31541874072416	10.008594560978
3.6800000000000	-0.31597714269099	10.016554179111
3.6900000000000	-0.31698183498405	10.023932443699
3.7000000000000	-0.31841937845459	10.030730232319
3.7100000000000	-0.32027641267424	10.036948610675
3.7200000000000	-0.32253966089506	10.042588831799
3.7300000000000	-0.32519593495079	10.047652335039
3.7400000000000	-0.32823214009179	10.052140744840
3.7500000000000	-0.33163527974645	10.056055869323
3.7600000000000	-0.33539246020186	10.059399698663
3.7700000000000	-0.33949089519703	10.062174403279
3.7800000000000	-0.34391791042216	10.064382331836
3.7900000000000	-0.34866094791765	10.066026009069
3.8000000000000	-0.35370757036726	10.067108133432
3.8100000000000	-0.35904546527942	10.067631574584
3.8200000000000	-0.36466244905178	10.067599370706
3.8300000000000	-0.37054647091385	10.067014725673
3.8400000000000	-0.37668561674337	10.065881006077
3.8500000000000	-0.38306811275164	10.064201738105
3.8600000000000	-0.38968232903461	10.061980604294
3.8700000000000	-0.39651678298531	10.059221440149
3.8800000000000	-0.40356014256501	10.055928230654
3.8900000000000	-0.41080122942982	10.052105106663
3.9000000000000	-0.41822902191006	10.047756341189
3.9100000000000	-0.42583265784044	10.042886345602
3.9200000000000	-0.43360143723893	10.037499665731
3.9300000000000	-0.44152482483251	10.031600977886
3.9400000000000	-0.44959245242877	10.025195084808
3.9500000000000	-0.45779412113240	10.018286911548
3.9600000000000	-0.46611980340548	10.010881501285
3.9700000000000	-0.47455964497169	10.002984011095
3.9800000000000	-0.48310396656402	9.9945997076697
3.9900000000000	-0.49174326551626	9.9857339629973
4.0000000000000	-0.50046821719884	9.9763922500082
4.0100000000000	-0.50926967629967	9.9665801381983
4.0200000000000	-0.51813867795083	9.9563032892291
4.0300000000000	-0.52706643870282	9.9455674525169
4.0400000000000	-0.53604435734740	9.9343784608137
4.0500000000000	-0.54506401559081	9.9227422257866
4.0600000000000	-0.55411717857973	9.9106647336038
4.0700000000000	-0.56319579528142	9.8981520405289
4.0800000000000	-0.57229199872119	9.8852102685336
4.0900000000000	-0.58139810607891	9.8718456009295
4.1000000000000	-0.59050661864803	9.8580642780284
4.1100000000000	-0.59961022165939	9.8438725928327
4.1200000000000	-0.60870178397316	9.8292768867632
4.1300000000000	-0.61777435764192	9.8142835454270
4.1400000000000	-0.62682117734832	9.7988989944305
4.1500000000000	-0.63583565972057	9.7831296952426
4.1600000000000	-0.64481140252938	9.7669821411099
4.1700000000000	-0.65374218376978	9.7504628530303
4.1800000000000	-0.66262196063182	9.7335783757853
4.1900000000000	-0.67144486836368	9.7163352740383
4.2000000000000	-0.68020521903102	9.6987401284974
4.2100000000000	-0.68889750017657	9.6807995321501
4.2200000000000	-0.69751637338379	9.6625200865688
4.2300000000000	-0.70605667274866	9.6439083982920
4.2400000000000	-0.71451340326347	9.6249710752831
4.2500000000000	-0.72288173911669	9.6057147234672
4.2600000000000	-0.73115702191289	9.5861459433505
4.2700000000000	-0.73933475881670	9.5662713267211
4.2800000000000	-0.74741062062492	9.5460974534356
4.2900000000000	-0.75538043977058	9.5256308882902
4.3000000000000	-0.76324020826297	9.5048781779789
4.3100000000000	-0.77098607556776	9.4838458481401
4.3200000000000	-0.77861434643075	9.4625404004909
4.3300000000000	-0.78612147864932	9.4409683100511
4.3400000000000	-0.79350408079536	9.4191360224567
4.3500000000000	-0.80075890989333	9.3970499513632
4.3600000000000	-0.80788286905723	9.3747164759401
4.3700000000000	-0.81487300508991	9.3521419384539
4.3800000000000	-0.82172650604852	9.3293326419428
4.3900000000000	-0.82844069877943	9.3062948479805
4.4000000000000	-0.83501304642588	9.2830347745293
4.4100000000000	-0.84144114591198	9.2595585938832
4.4200000000000	-0.84772272540607	9.2358724306985
4.4300000000000	-0.85385564176655	9.2119823601127
4.4400000000000	-0.85983787797350	9.1878944059503
4.4500000000000	-0.86566754054865	9.1636145390143
4.4600000000000	-0.87134285696708	9.1391486754636
4.4700000000000	-0.87686217306295	9.1145026752738
4.4800000000000	-0.88222395043227	9.0896823407811
4.4900000000000	-0.88742676383512	9.0646934153078
4.5000000000000	-0.89246929860002	9.0395415818686
4.5100000000000	-0.89735034803262	9.0142324619556
4.5200000000000	-0.90206881083112	8.9887716144008
4.5300000000000	-0.90662368851079	8.9631645343157
4.5400000000000	-0.91101408283937	8.9374166521043
4.5500000000000	-0.91523919328571	8.9115333325507
4.5600000000000	-0.91929831448335	8.8855198739773
4.5700000000000	-0.92319083371096	8.8593815074732
4.5800000000000	-0.92691622839145	8.8331233961912
4.5900000000000	-0.93047406361124	8.8067506347116
4.6000000000000	-0.93386398966135	8.7802682484703
4.6100000000000	-0.93708573960187	8.7536811932509
4.6200000000000	-0.94013912685099	8.7269943547380
4.6300000000000	-0.94302404280002	8.7002125481307
4.6400000000000	-0.94574045445564	8.6733405178137
4.6500000000000	-0.94828840211049	8.6463829370851
4.6600000000000	-0.95066799704298	8.6193444079390
4.6700000000000	-0.95287941924771	8.5922294609004
4.6800000000000	-0.95492291519688	8.5650425549118
4.6900000000000	-0.95679879563398	8.5377880772693
4.7000000000000	-0.95850743340019	8.5104703436058
4.7100000000000	-0.96004926129440	8.4830935979210
4.7200000000000	-0.96142476996730	8.4556620126549
4.7300000000000	-0.96263450585015	8.4281796888051
4.7400000000000	-0.96367906911881	8.4006506560836
4.7500000000000	-0.96455911169334	8.3730788731146
4.7600000000000	-0.96527533527355	8.3454682276687
4.7700000000000	-0.96582848941084	8.3178225369343
4.7800000000000	-0.96621936961667	8.2901455478228
4.7900000000000	-0.96644881550772	8.2624409373075
4.8000000000000	-0.96651770898795	8.2347123127938
4.8100000000000	-0.96642697246773	8.2069632125196
4.8200000000000	-0.96617756712005	8.1791971059840
4.8300000000000	-0.96577049117375	8.1514173944036
4.8400000000000	-0.96520677824397	8.1236274111944
4.8500000000000	-0.96448749569950	8.0958304224784
4.8600000000000	-0.96361374306711	8.0680296276127
4.8700000000000	-0.96258665047260	8.0402281597413
4.8800000000000	-0.96140737711859	8.0124290863665
4.8900000000000	-0.96007710979852	7.9846354099404
4.9000000000000	-0.95859706144704	7.9568500684738
4.9100000000000	-0.95696846972621	7.9290759361627
4.9200000000000	-0.95519259564727	7.9013158240299
4.9300000000000	-0.95327072222791	7.8735724805818
4.9400000000000	-0.95120415318441	7.8458485924788
4.9500000000000	-0.94899421165833	7.8181467852174
4.9600000000000	-0.94664223897770	7.7904696238251
4.9700000000000	-0.94414959345183	7.7628196135649
4.9800000000000	-0.94151764919969	7.7351992006501
4.9900000000000	-0.93874779501128	7.7076107729669
5.0000000000000	-0.93584143324160	7.6800566608058
5.0100000000000	-0.93279997873670	7.6525391375995
5.0200000000000	-0.92962485779142	7.6250604206667
5.0300000000000	-0.92631750713832	7.5976226719616
5.0400000000000	-0.92287937296723	7.5702279988281
5.0500000000000	-0.91931190997506	7.5428784547573
5.0600000000000	-0.91561658044529	7.5155760401485
5.0700000000000	-0.91179485335661	7.4883227030727
5.0800000000000	-0.90784820352026	7.4611203400380
5.0900000000000	-0.90377811074543	7.4339707967554
5.1000000000000	-0.89958605903240	7.4068758689066
5.1100000000000	-0.89527353579269	7.3798373029102
5.1200000000000	-0.89084203109580	7.3528567966887
5.1300000000000	-0.88629303694194	7.3259360004338
5.1400000000000	-0.88162804656034	7.2990765173702
5.1500000000000	-0.87684855373245	7.2722799045173
5.1600000000000	-0.87195605213963	7.2455476734488
5.1700000000000	-0.86695203473473	7.2188812910493
5.1800000000000	-0.86183799313707	7.1922821802670
5.1900000000000	-0.85661541705024	7.1657517208635
5.2000000000000	-0.85128579370231	7.1392912501590
5.2100000000000	-0.84585060730776	7.1129020637737
5.2200000000000	-0.84031133855082	7.0865854163635
5.2300000000000	-0.83466946408948	7.0603425223516
5.2400000000000	-0.82892645607995	7.0341745566543
5.2500000000000	-0.82308378172073	7.0080826554013
5.2600000000000	-0.81714290281609	6.9820679166501
5.2700000000000	-0.81110527535829	6.9561314010946
5.2800000000000	-0.80497234912817	6.9302741327668
5.2900000000000	-0.79874556731351	6.9044970997324
5.3000000000000	-0.79242636614480	6.8788012547800
5.3100000000000	-0.78601617454787	6.8531875161025
5.3200000000000	-0.77951641381300	6.8276567679724
5.3300000000000	-0.77292849728001	6.8022098614090
5.3400000000000	-0.76625383003884	6.7768476148395
5.3500000000000	-0.75949380864526	6.7515708147511
5.3600000000000	-0.75264982085133	6.7263802163367
5.3700000000000	-0.74572324534995	6.7012765441323
5.3800000000000	-0.73871545153336	6.6762604926473
5.3900000000000	-0.73162779926505	6.6513327269858
5.4000000000000	-0.72446163866462	6.6264938834613
5.4100000000000	-0.71721830990532	6.6017445702025
5.4200000000000	-0.70989914302385	6.5770853677513
5.4300000000000	-0.70250545774198	6.5525168296530
5.4400000000000	-0.69503856329961	6.5280394830379
5.4500000000000	-0.68749975829911	6.5036538291952
5.4600000000000	-0.67989033056026	6.4793603441384
5.4700000000000	-0.67221155698572	6.4551594791629
5.4800000000000	-0.66446470343654	6.4310516613950
5.4900000000000	-0.65665102461740	6.4070372943332
5.5000000000000	-0.64877176397133	6.3831167583807
5.5100000000000	-0.64082815358347	6.3592904113703
5.5200000000000	-0.63282141409366	6.3355585890810
5.5300000000000	-0.62475275461747	6.3119216057464
5.5400000000000	-0.61662337267551	6.2883797545552
5.5500000000000	-0.60843445413054	6.2649333081433
5.5600000000000	-0.60018717313229	6.2415825190784
5.5700000000000	-0.59188269206950	6.2183276203360
5.5800000000000	-0.58352216152921	6.1951688257682
5.5900000000000	-0.57510672026270	6.1721063305640
5.6000000000000	-0.56663749515807	6.1491403117024
5.6100000000000	-0.55811560121911	6.1262709283969
5.6200000000000	-0.54954214155026	6.1034983225332
5.6300000000000	-0.54091820734737	6.0808226190988
5.6400000000000	-0.53224487789408	6.0582439266049
5.6500000000000	-0.52352322056356	6.0357623375012
5.6600000000000	-0.51475429082546	6.0133779285833
5.6700000000000	-0.50593913225778	5.9910907613917
5.6800000000000	-0.49707877656344	5.9689008826055
5.6900000000000	-0.48817424359153	5.9468083244268
5.7000000000000	-0.47922654136277	5.9248131049594
5.7100000000000	-0.47023666609923	5.9029152285798
5.7200000000000	-0.46120560225801	5.8811146863014
5.7300000000000	-0.45213432256872	5.8594114561320
5.7400000000000	-0.44302378807459	5.8378055034243
5.7500000000000	-0.43387494817706	5.8162967812194
5.7600000000000	-0.42468874068373	5.7948852305844
5.7700000000000	-0.41546609185931	5.7735707809429
5.7800000000000	-0.40620791647978	5.7523533503991
5.7900000000000	-0.39691511788920	5.7312328460556
5.8000000000000	-0.38758858805940	5.7102091643253
5.8100000000000	-0.37822920765210	5.6892821912362
5.8200000000000	-0.36883784608355	5.6684518027312
5.8300000000000	-0.35941536159147	5.6477178649607
5.8400000000000	-0.34996260130415	5.6270802345705
5.8500000000000	-0.34048040131167	5.6065387589829
5.8600000000000	-0.33096958673891	5.5860932766722
5.8700000000000	-0.32143097182065	5.5657436174354
5.8800000000000	-0.31186535997810	5.5454896026560
5.8900000000000	-0.30227354389731	5.5253310455630
5.9000000000000	-0.29265630560890	5.5052677514849
5.9100000000000	-0.28301441656932	5.4852995180974
5.9200000000000	-0.27334863774335	5.4654261356667
5.9300000000000	-0.26365971968795	5.4456473872874
5.9400000000000	-0.25394840263709	5.4259630491147
5.9500000000000	-0.24421541658775	5.4063728905932
5.9600000000000	-0.23446148138688	5.3868766746786
5.9700000000000	-0.22468730681921	5.3674741580570
5.9800000000000	-0.21489359269588	5.3481650913573
5.9900000000000	-0.20508102894390	5.3289492193603
6.0000000000000	-0.19525029569612	5.3098262812030
6.0100000000000	-0.18540206338200	5.2907960105780
6.0200000000000	-0.17553699281872	5.2718581359288
6.0300000000000	-0.16565573530295	5.2530123806408
6.0400000000000	-0.15575893270286	5.2342584632278
6.0500000000000	-0.14584721755067	5.2155960975149
6.0600000000000	-0.13592121313529	5.1970249928163
6.0700000000000	-0.12598153359543	5.1785448541103
6.0800000000000	-0.11602878401270	5.1601553822090
6.0900000000000	-0.10606356050501	5.1418562739258
6.1000000000000	-0.096086450319980	5.1236472222371
6.1100000000000	-0.086098031928437	5.1055279164421
6.1200000000000	-0.076098875117908	5.0874980423178
6.1300000000000	-0.066089541086073	5.0695572822710
6.1400000000000	-0.056070582534175	5.0517053154860
6.1500000000000	-0.046042543760306	5.0339418180702
6.1600000000000	-0.036005960752520	5.0162664631947
6.1700000000000	-0.025961361281779	4.9986789212328
6.1800000000000	-0.015909264994718	4.9811788598949
6.1900000000000	-0.0058501835061207	4.9637659443596
6.2000000000000	0.0042153795088923	4.9464398374029
6.2100000000000	0.014286928222918	4.9292001995228
6.2200000000000	0.024363974564728	4.9120466890626
6.2300000000000	0.034446038128046	4.8949789623295
6.2400000000000	0.044532646080715	4.8779966737118
6.2500000000000	0.054623333074290	4.8610994757921
6.2600000000000	0.064717641154018	4.8442870194587
6.2700000000000	0.074815119669334	4.8275589540136
6.2800000000000	0.084915325184763	4.8109149272782
6.2900000000000	0.095017821391351	4.7943545856961
6.3000000000000	0.10512217901859	4.7778775744334
6.3100000000000	0.11522797574685	4.7614835374771
6.3200000000000	0.12533479612042	4.7451721177299
6.3300000000000	0.13544223146099	4.7289429571037
6.3400000000000	0.14554987978180	4.7127956966100
6.3500000000000	0.15565734570235	4.6967299764484
6.3600000000000	0.16576424036364	4.6807454360927
6.3700000000000	0.17587018134410	4.6648417143750
6.3800000000000	0.18597479257610	4.6490184495669
6.3900000000000	0.19607770426305	4.6332752794597
6.4000000000000	0.20617855279722	4.6176118414417
6.4100000000000	0.21627698067811	4.6020277725737
6.4200000000000	0.22637263643155	4.5865227096625
6.4300000000000	0.23646517452935	4.5710962893327
6.4400000000000	0.24655425530979	4.5557481480960
6.4500000000000	0.25663954489855	4.5404779224193
6.4600000000000	0.26672071513056	4.5252852487908
6.4700000000000	0.27679744347230	4.5101697637837
6.4800000000000	0.28686941294498	4.4951311041192
6.4900000000000	0.29693631204825	4.4801689067266
6.5000000000000	0.30699783468469	4.4652828088033
6.5100000000000	0.31705368008501	4.4504724478710
6.5200000000000	0.32710355273383	4.4357374618327
6.5300000000000	0.33714716229631	4.4210774890261
6.5400000000000	0.34718422354535	4.4064921682766
6.5500000000000	0.35721445628955	4.3919811389487
6.5600000000000	0.36723758530186	4.3775440409952
6.5700000000000	0.37725334024897	4.3631805150061
6.5800000000000	0.38726145562129	4.3488902022550
6.5900000000000	0.39726167066373	4.3346727447449
6.6000000000000	0.40725372930716	4.3205277852520
6.6100000000000	0.41723738010054	4.3064549673689
6.6200000000000	0.42721237614375	4.2924539355460
6.6300000000000	0.43717847502113	4.2785243351315
6.6400000000000	0.44713543873570	4.2646658124110
6.6500000000000	0.45708303364409	4.2508780146446
6.6600000000000	0.46702103039213	4.2371605901041
6.6700000000000	0.47694920385113	4.2235131881083
6.6800000000000	0.48686733305484	4.2099354590572
6.6900000000000	0.49677520113714	4.1964270544652
6.7000000000000	0.50667259527030	4.1829876269937
6.7100000000000	0.51655930660402	4.1696168304815
6.7200000000000	0.52643513020508	4.1563143199753
6.7300000000000	0.53629986499763	4.1430797517586
6.7400000000000	0.54615331370425	4.1299127833796
6.7500000000000	0.55599528278753	4.1168130736785
6.7600000000000	0.56582558239235	4.1037802828131
6.7700000000000	0.57564402628891	4.0908140722846
6.7800000000000	0.58545043181621	4.0779141049612
6.7900000000000	0.59524461982635	4.0650800451021
6.8000000000000	0.60502641462935	4.0523115583792
6.8100000000000	0.61479564393864	4.0396083118994
6.8200000000000	0.62455213881717	4.0269699742251
6.8300000000000	0.63429573362414	4.0143962153940
6.8400000000000	0.64402626596235	4.0018867069383
6.8500000000000	0.65374357662614	3.9894411219034
6.8600000000000	0.66344750954993	3.9770591348650
6.8700000000000	0.67313791175743	3.9647404219462
6.8800000000000	0.68281463331129	3.9524846608338
6.8900000000000	0.69247752726353	3.9402915307929
6.9000000000000	0.70212644960640	3.9281607126826
6.9100000000000	0.71176125922385	3.9160918889692
6.9200000000000	0.72138181784367	3.9040847437397
6.9300000000000	0.73098798999003	3.8921389627146
6.9400000000000	0.74057964293674	3.8802542332598
6.9500000000000	0.75015664666094	3.8684302443978
6.9600000000000	0.75971887379741	3.8566666868184
6.9700000000000	0.76926619959341	3.8449632528891
6.9800000000000	0.77879850186402	3.8333196366644
6.9900000000000	0.78831566094807	3.8217355338947
7.0000000000000	0.79781755966460	3.8102106420346
7.0100000000000	0.80730408326970	3.7987446602510
7.0200000000000	0.81677511941409	3.7873372894300
7.0300000000000	0.82623055810104	3.7759882321836
7.0400000000000	0.83567029164483	3.7646971928562
7.0500000000000	0.84509421462975	3.7534638775299
7.0600000000000	0.85450222386957	3.7422879940297
7.0700000000000	0.86389421836747	3.7311692519285
7.0800000000000	0.87327009927648	3.7201073625506
7.0900000000000	0.88262976986039	3.7091020389760
7.1000000000000	0.89197313545514	3.6981529960434
7.1100000000000	0.90130010343065	3.6872599503528
7.1200000000000	0.91061058315311	3.6764226202679
7.1300000000000	0.91990448594777	3.6656407259182
7.1400000000000	0.92918172506210	3.6549139892001
7.1500000000000	0.93844221562946	3.6442421337781
7.1600000000000	0.94768587463319	3.6336248850853
7.1700000000000	0.95691262087110	3.6230619703238
7.1800000000000	0.96612237492044	3.6125531184640
7.1900000000000	0.97531505910322	3.6020980602448
7.2000000000000	0.98449059745204	3.5916965281718
7.2100000000000	0.99364891567623	3.5813482565165
7.2200000000000	1.0027899411285	3.5710529813144
7.2300000000000	1.0119136027718	3.5608104403628
7.2400000000000	1.0210198311470	3.5506203732186
7.2500000000000	1.0301085583402	3.5404825211953
7.2600000000000	1.0391797179516	3.5303966273601
7.2700000000000	1.0482332450631	3.5203624365302
7.2800000000000	1.0572690762082	3.5103796952692
7.2900000000000	1.0662871493407	3.5004481518830
7.3000000000000	1.0752874038043	3.4905675564153
7.3100000000000	1.0842697803031	3.4807376606428
7.3200000000000	1.0932342208715	3.4709582180705
7.3300000000000	1.1021806688454	3.4612289839258
7.3400000000000	1.1111090688326	3.4515497151538
7.3500000000000	1.1200193666850	3.4419201704103
7.3600000000000	1.1289115094698	3.4323401100564
7.3700000000000	1.1377854454418	3.4228092961520
7.3800000000000	1.1466411240158	3.4133274924487
7.3900000000000	1.1554784957393	3.4038944643830
7.4000000000000	1.1642975122658	3.3945099790691
7.4100000000000	1.1730981263277	3.3851738052916
7.4200000000000	1.1818802917106	3.3758857134972
7.4300000000000	1.1906439632269	3.3666454757873
7.4400000000000	1.1993890966899	3.3574528659095
7.4500000000000	1.2081156488893	3.3483076592489
7.4600000000000	1.2168235775650	3.3392096328201
7.4700000000000	1.2255128413832	3.3301585652575
7.4800000000000	1.2341833999112	3.3211542368066
7.4900000000000	1.2428352135937	3.3121964293146
7.5000000000000	1.2514682437287	3.3032849262208
7.5100000000000	1.2600824524435	3.2944195125466
7.5200000000000	1.2686778026719	3.2855999748860
7.5300000000000	1.2772542581304	3.2768261013949
7.5400000000000	1.2858117832961	3.2680976817809
7.5500000000000	1.2943503433833	3.2594145072930
7.5600000000000	1.3028699043220	3.2507763707104
7.5700000000000	1.3113704327350	3.2421830663319
7.5800000000000	1.3198518959167	3.2336343899643
7.5900000000000	1.3283142618112	3.2251301389117
7.6000000000000	1.3367574989912	3.2166701119635
7.6100000000000	1.3451815766365	3.2082541093830
7.6200000000000	1.3535864645139	3.1998819328956
7.6300000000000	1.3619721329558	3.1915533856764
7.6400000000000	1.3703385528402	3.1832682723387
7.6500000000000	1.3786856955706	3.1750263989210
7.6600000000000	1.3870135330561	3.1668275728749
7.6700000000000	1.3953220376917	3.1586716030526
7.6800000000000	1.4036111823384	3.1505582996937
7.6900000000000	1.4118809403049	3.1424874744126
7.7000000000000	1.4201312853276	3.1344589401853
7.7100000000000	1.4283621915526	3.1264725113361
7.7200000000000	1.4365736335165	3.1185280035244
7.7300000000000	1.4447655861282	3.1106252337313
7.7400000000000	1.4529380246512	3.1027640202456
7.7500000000000	1.4610909246849	3.0949441826504
7.7600000000000	1.4692242621473	3.0871655418090
7.7700000000000	1.4773380132572	3.0794279198511
7.7800000000000	1.4854321545168	3.0717311401585
7.7900000000000	1.4935066626964	3.0640750273502
7.8000000000000	1.5015615148129	3.0564594072700
7.8100000000000	1.5095966881180	3.0488841069695
7.8200000000000	1.5176121600786	3.0413489546954
7.8300000000000	1.5256079083619	3.0338537798737
7.8400000000000	1.5335839108181	3.0263984130952
7.8500000000000	1.5415401454653	3.0189826861009
7.8600000000000	1.5494765904732	3.0116064317661
7.8700000000000	1.5573932241473	3.0042694840862
7.8800000000000	1.5652900249140	2.9969716781609
7.8900000000000	1.5731669713048	2.9897128501787
7.9000000000000	1.5810240419416	2.9824928374021
7.9100000000000	1.5888612155213	2.9753114781513
7.9200000000000	1.5966784708017	2.9681686117889
7.9300000000000	1.6044757865861	2.9610640787042
7.9400000000000	1.6122531417097	2.9539977202973
7.9500000000000	1.6200105150248	2.9469693789632
7.9600000000000	1.6277478853872	2.9399788980755
7.9700000000000	1.6354652316419	2.9330261219708
7.9800000000000	1.6431625326094	2.9261108959321
7.9900000000000	1.6508397670727	2.9192330661726
8.0000000000000	1.6584969137632	2.9123924798195
8.0100000000000	1.6661339513480	2.9055889848974
8.0200000000000	1.6737508584165	2.8988224303118
8.0300000000000	1.6813476134677	2.8920926658326
8.0400000000000	1.6889241948976	2.8853995420772
8.0500000000000	1.6964805809862	2.8787429104939
8.0600000000000	1.7040167498857	2.8721226233452
8.0700000000000	1.7115326796078	2.8655385336905
8.0800000000000	1.7190283480119	2.8589904953696
8.0900000000000	1.7265037327928	2.8524783629851
8.1000000000000	1.7339588114698	2.8460019918858
8.1100000000000	1.7413935613739	2.8395612381491
8.1200000000000	1.7488079596377	2.8331559585640
8.1300000000000	1.7562019831829	2.8267860106135
8.1400000000000	1.7635756087101	2.8204512524575
8.1500000000000	1.7709288126877	2.8141515429152
8.1600000000000	1.7782615713405	2.8078867414474
8.1700000000000	1.7855738606400	2.8016567081391
8.1800000000000	1.7928656562932	2.7954613036817
8.1900000000000	1.8001369337329	2.7893003893555
8.2000000000000	1.8073876681071	2.7831738270117
8.2100000000000	1.8146178342692	2.7770814790543
8.2200000000000	1.8218274067682	2.7710232084229
8.2300000000000	1.8290163598394	2.7649988785740
8.2400000000000	1.8361846673941	2.7590083534632
8.2500000000000	1.8433323030112	2.7530514975274
8.2600000000000	1.8504592399275	2.7471281756662
8.2700000000000	1.8575654510287	2.7412382532239
8.2800000000000	1.8646509088410	2.7353815959712
8.2900000000000	1.8717155855222	2.7295580700868
8.3000000000000	1.8787594528530	2.7237675421392
8.3100000000000	1.8857824822291	2.7180098790680
8.3200000000000	1.8927846446528	2.7122849481655
8.3300000000000	1.8997659107252	2.7065926170584
8.3400000000000	1.9067262506382	2.7009327536885
8.3500000000000	1.9136656341671	2.6953052262949
8.3600000000000	1.9205840306630	2.6897099033946
8.3700000000000	1.9274814090455	2.6841466537641
8.3800000000000	1.9343577377957	2.6786153464204
8.3900000000000	1.9412129849495	2.6731158506021
8.4000000000000	1.9480471180903	2.6676480357507
8.4100000000000	1.9548601043430	2.6622117714913
8.4200000000000	1.9616519103672	2.6568069276137
8.4300000000000	1.9684225023514	2.6514333740534
8.4400000000000	1.9751718460067	2.6460909808723
8.4500000000000	1.9818999065613	2.6407796182396
8.4600000000000	1.9886066487543	2.6354991564126
8.4700000000000	1.9952920368311	2.6302494657172
8.4800000000000	2.0019560345373	2.6250304165289
8.4900000000000	2.0085986051144	2.6198418792531
8.5000000000000	2.0152197112943	2.6146837243057
8.5100000000000	2.0218193152954	2.6095558220941
8.5200000000000	2.0283973788172	2.6044580429968
8.5300000000000	2.0349538630370	2.5993902573445
8.5400000000000	2.0414887286053	2.5943523354003
8.5500000000000	2.0480019356422	2.5893441473400
8.5600000000000	2.0544934437334	2.5843655632323
8.5700000000000	2.0609632119276	2.5794164530193
8.5800000000000	2.0674111987323	2.5744966864964
8.5900000000000	2.0738373621116	2.5696061332926
8.6000000000000	2.0802416594831	2.5647446628507
8.6100000000000	2.0866240477155	2.5599121444071
8.6200000000000	2.0929844831261	2.5551084469723
8.6300000000000	2.0993229214789	2.5503334393102
8.6400000000000	2.1056393179827	2.5455869899189
8.6500000000000	2.1119336272894	2.5408689670098
8.6600000000000	2.1182058034928	2.5361792384880
8.6700000000000	2.1244558001271	2.5315176719321
8.6800000000000	2.1306835701664	2.5268841345737
8.6900000000000	2.1368890660238	2.5222784932774
8.7000000000000	2.1430722395511	2.5177006145206
8.7100000000000	2.1492330420382	2.5131503643730
8.7200000000000	2.1553714242141	2.5086276084765
8.7300000000000	2.1614873362461	2.5041322120246
8.7400000000000	2.1675807277414	2.4996640397423
8.7500000000000	2.1736515477471	2.4952229558653
8.7600000000000	2.1796997447521	2.4908088241200
8.7700000000000	2.1857252666879	2.4864215077028
8.7800000000000	2.1917280609303	2.4820608692596
8.7900000000000	2.1977080743019	2.4777267708655
8.8000000000000	2.2036652530734	2.4734190740038
8.8100000000000	2.2095995429668	2.4691376395462
8.8200000000000	2.2155108891579	2.4648823277315
8.8300000000000	2.2213992362793	2.4606529981457
8.8400000000000	2.2272645284236	2.4564495097006
8.8500000000000	2.2331067091477	2.4522717206143
8.8600000000000	2.2389257214756	2.4481194883894
8.8700000000000	2.2447215079037	2.4439926697934
8.8800000000000	2.2504940104046	2.4398911208375
8.8900000000000	2.2562431704323	2.4358146967561
8.9000000000000	2.2619689289271	2.4317632519866
8.9100000000000	2.2676712263212	2.4277366401480
8.9200000000000	2.2733500025444	2.4237347140210
8.9300000000000	2.2790051970301	2.4197573255272
8.9400000000000	2.2846367487218	2.4158043257085
8.9500000000000	2.2902445960798	2.4118755647063
8.9600000000000	2.2958286770879	2.4079708917415
8.9700000000000	2.3013889292616	2.4040901550936
8.9800000000000	2.3069252896548	2.4002332020800
8.9900000000000	2.3124376948686	2.3963998790362
9.0000000000000	2.3179260810592	2.3925900312947
9.0100000000000	2.3233903839469	2.3888035031650
9.0200000000000	2.3288305388251	2.3850401379130
9.0300000000000	2.3342464805697	2.3812997777408
9.0400000000000	2.3396381436487	2.3775822637664
9.0500000000000	2.3450054621327	2.3738874360035
9.0600000000000	2.3503483697051	2.3702151333412
9.0700000000000	2.3556667996728	2.3665651935239
9.0800000000000	2.3609606849778	2.3629374531316
9.0900000000000	2.3662299582087	2.3593317475594
9.1000000000000	2.3714745516121	2.3557479109977
9.1100000000000	2.3766943971058	2.3521857764127
9.1200000000000	2.3818894262906	2.3486451755262
9.1300000000000	2.3870595704639	2.3451259387962
9.1400000000000	2.3922047606333	2.3416278953971
9.1500000000000	2.3973249275297	2.3381508732005
9.1600000000000	2.4024200016221	2.3346946987554
9.1700000000000	2.4074899131322	2.3312591972694
9.1800000000000	2.4125345920491	2.3278441925889
9.1900000000000	2.4175539681449	2.3244495071806
9.2000000000000	2.4225479709901	2.3210749621124
9.2100000000000	2.4275165299705	2.3177203770342
9.2200000000000	2.4324595743030	2.3143855701598
9.2300000000000	2.4373770330529	2.3110703582480
9.2400000000000	2.4422688351515	2.3077745565843
9.2500000000000	2.4471349094133	2.3044979789626
9.2600000000000	2.4519751845548	2.3012404376671
9.2700000000000	2.4567895892127	2.2980017434544
9.2800000000000	2.4615780519629	2.2947817055359
9.2900000000000	2.4663405013400	2.2915801315599
9.3000000000000	2.4710768658573	2.2883968275945
9.3100000000000	2.4757870740266	2.2852315981101
9.3200000000000	2.4804710543791	2.2820842459626
9.3300000000000	2.4851287354865	2.2789545723767
9.3400000000000	2.4897600459824	2.2758423769289
9.3500000000000	2.4943649145840	2.2727474575317
9.3600000000000	2.4989432701147	2.2696696104168
9.3700000000000	2.5034950415266	2.2666086301198
9.3800000000000	2.5080201579238	2.2635643094641
9.3900000000000	2.5125185485855	2.2605364395457
9.4000000000000	2.5169901429907	2.2575248097179
9.4100000000000	2.5214348708419	2.2545292075765
9.4200000000000	2.5258526620902	2.2515494189453
9.4300000000000	2.5302434469603	2.2485852278614
9.4400000000000	2.5346071559764	2.2456364165614
9.4500000000000	2.5389437199881	2.2427027654677
9.4600000000000	2.5432530701966	2.2397840531749
9.4700000000000	2.5475351381818	2.2368800564367
9.4800000000000	2.5517898559295	2.2339905501533
9.4900000000000	2.5560171558590	2.2311153073584
9.5000000000000	2.5602169708513	2.2282540992076
9.5100000000000	2.5643892342772	2.2254066949664
9.5200000000000	2.5685338800265	2.2225728619989
9.5300000000000	2.5726508425372	2.2197523657565
9.5400000000000	2.5767400568249	2.2169449697672
9.5500000000000	2.5808014585132	2.2141504356258
9.5600000000000	2.5848349838639	2.2113685229833
9.5700000000000	2.5888405698077	2.2085989895380
9.5800000000000	2.5928181539756	2.2058415910260
9.5900000000000	2.5967676747304	2.2030960812126
9.6000000000000	2.6006890711985	2.2003622118845
9.6100000000000	2.6045822833023	2.1976397328411
9.6200000000000	2.6084472517929	2.1949283918883
9.6300000000000	2.6122839182831	2.1922279348305
9.6400000000000	2.6160922252806	2.1895381054650
9.6500000000000	2.6198721162219	2.1868586455757
9.6600000000000	2.6236235355062	2.1841892949275
9.6700000000000	2.6273464285300	2.1815297912618
9.6800000000000	2.6310407417216	2.1788798702914
9.6900000000000	2.6347064225763	2.1762392656974
9.7000000000000	2.6383434196915	2.1736077091248
9.7100000000000	2.6419516828027	2.1709849301804
9.7200000000000	2.6455311628193	2.1683706564301
9.7300000000000	2.6490818118606	2.1657646133971
9.7400000000000	2.6526035832927	2.1631665245607
9.7500000000000	2.6560964317655	2.1605761113557
9.7600000000000	2.6595603132490	2.1579930931723
9.7700000000000	2.6629951850715	2.1554171873564
9.7800000000000	2.6664010059565	2.1528481092107
9.7900000000000	2.6697777360611	2.1502855719968
9.8000000000000	2.6731253370137	2.1477292869370
9.8100000000000	2.6764437719525	2.1451789632174
9.8200000000000	2.6797330055638	2.1426343079916
9.8300000000000	2.6829930041210	2.1400950263844
9.8400000000000	2.6862237355232	2.1375608214973
9.8500000000000	2.6894251693345	2.1350313944134
9.8600000000000	2.6925972768230	2.1325064442038
9.8700000000000	2.6957400310004	2.1299856679344
9.8800000000000	2.6988534066617	2.1274687606731
9.8900000000000	2.7019373804244	2.1249554154985
9.9000000000000	2.7049919307689	2.1224453235081
9.9100000000000	2.7080170380779	2.1199381738283
9.9200000000000	2.7110126846768	2.1174336536244
9.9300000000000	2.7139788548734	2.1149314481114
9.9400000000000	2.7169155349984	2.1124312405663
9.9500000000000	2.7198227134458	2.1099327123397
9.9600000000000	2.7227003807123	2.1074355428691
9.9700000000000	2.7255485294387	2.1049394096932
9.9800000000000	2.7283671544493	2.1024439884659
9.9900000000000	2.7311562527928	2.0999489529718
10.000000000000	2.7339158237823	2.0974539751421
10.010000000000	2.7366458690356	2.0949587250719
10.020000000000	2.7393463925153	2.0924628710369
10.030000000000	2.7420174005694	2.0899660795125
10.040000000000	2.7446589019706	2.0874680151924
10.050000000000	2.7472709079570	2.0849683410085
10.060000000000	2.7498534322717	2.0824667181517
10.070000000000	2.7524064912022	2.0799628060926
10.080000000000	2.7549301036207	2.0774562626046
10.090000000000	2.7574242910227	2.0749467437860
10.100000000000	2.7598890775671	2.0724339040838
10.110000000000	2.7623244901144	2.0699173963185
10.120000000000	2.7647305582663	2.0673968717088
10.130000000000	2.7671073144038	2.0648719798979
10.140000000000	2.7694547937260	2.0623423689801
10.150000000000	2.7717730342875	2.0598076855284
10.160000000000	2.7740620770371	2.0572675746226
10.170000000000	2.7763219658547	2.0547216798786
10.180000000000	2.7785527475887	2.0521696434780
10.190000000000	2.7807544720927	2.0496111061988
10.200000000000	2.7829271922623	2.0470457074467
10.210000000000	2.7850709640710	2.0444730852869
10.220000000000	2.7871858466059	2.0418928764775
10.230000000000	2.7892719021032	2.0393047165027
10.240000000000	2.7913291959829	2.0367082396071
10.250000000000	2.7933577968832	2.0341030788311
10.260000000000	2.7953577766949	2.0314888660462
10.270000000000	2.7973292105942	2.0288652319919
10.280000000000	2.7992721770762	2.0262318063129
10.290000000000	2.8011867579872	2.0235882175966
10.300000000000	2.8030730385566	2.0209340934126
10.310000000000	2.8049311074279	2.0182690603511
10.320000000000	2.8067610566903	2.0155927440636
10.330000000000	2.8085629819078	2.0129047693032
10.340000000000	2.8103369821498	2.0102047599661
10.350000000000	2.8120831600192	2.0074923391336
10.360000000000	2.8138016216810	2.0047671291150
10.370000000000	2.8154924768899	2.0020287514903
10.380000000000	2.8171558390171	1.9992768271546
10.390000000000	2.8187918250765	1.9965109763624
10.400000000000	2.8204005557503	1.9937308187729
10.410000000000	2.8219821554136	1.9909359734954
10.420000000000	2.8235367521582	1.9881260591356
10.430000000000	2.8250644778162	1.9853006938425
10.440000000000	2.8265654679820	1.9824594953559
10.450000000000	2.8280398620343	1.9796020810538
10.460000000000	2.8294878031563	1.9767280680010
10.470000000000	2.8309094383561	1.9738370729981
10.480000000000	2.8323049184856	1.9709287126302
10.490000000000	2.8336743982589	1.9680026033176
10.500000000000	2.8350180362690	1.9650583613650
10.510000000000	2.8363359950050	1.9620956030127
10.520000000000	2.8376284408671	1.9591139444873
10.530000000000	2.8388955441813	1.9561130020534
10.540000000000	2.8401374792131	1.9530923920648
10.550000000000	2.8413544241800	1.9500517310171
10.560000000000	2.8425465612634	1.9469906355993
10.570000000000	2.8437140766194	1.9439087227475
10.580000000000	2.8448571603881	1.9408056096967
10.590000000000	2.8459760067030	1.9376809140347
10.600000000000	2.8470708136982	1.9345342537552
10.610000000000	2.8481417835154	1.9313652473113
10.620000000000	2.8491891223094	1.9281735136695
10.630000000000	2.8502130402530	1.9249586723632
10.640000000000	2.8512137515405	1.9217203435471
10.650000000000	2.8521914743901	1.9184581480511
10.660000000000	2.8531464310455	1.9151717074344
10.670000000000	2.8540788477765	1.9118606440400
10.680000000000	2.8549889548781	1.9085245810487
10.690000000000	2.8558769866689	1.9051631425337
10.700000000000	2.8567431814883	1.9017759535143
10.710000000000	2.8575877816924	1.8983626400105
10.720000000000	2.8584110336495	1.8949228290968
10.730000000000	2.8592131877335	1.8914561489565
10.740000000000	2.8599944983171	1.8879622289352
10.750000000000	2.8607552237633	1.8844406995945
10.760000000000	2.8614956264161	1.8808911927657
10.770000000000	2.8622159725901	1.8773133416028
10.780000000000	2.8629165325592	1.8737067806356
10.790000000000	2.8635975805435	1.8700711458223
10.800000000000	2.8642593946956	1.8664060746021
10.810000000000	2.8649022570863	1.8627112059470
10.820000000000	2.8655264536883	1.8589861804139
10.830000000000	2.8661322743591	1.8552306401952
10.840000000000	2.8667200128234	1.8514442291706
10.850000000000	2.8672899666535	1.8476265929566
10.860000000000	2.8678424372498	1.8437773789573
10.870000000000	2.8683777298186	1.8398962364130
10.880000000000	2.8688961533508	1.8359828164497
10.890000000000	2.8693980205980	1.8320367721274
10.900000000000	2.8698836480486	1.8280577584872
10.910000000000	2.8703533559019	1.8240454325994
10.920000000000	2.8708074680424	1.8199994536090
10.930000000000	2.8712463120121	1.8159194827821
10.940000000000	2.8716702189824	1.8118051835506
10.950000000000	2.8720795237246	1.8076562215569
10.960000000000	2.8724745645799	1.8034722646968
10.970000000000	2.8728556834283	1.7992529831633
10.980000000000	2.8732232256566	1.7949980494874
10.990000000000	2.8735775401249	1.7907071385801
11.000000000000	2.8739189791338	1.7863799277721
11.010000000000	2.8742478983888	1.7820160968534
11.020000000000	2.8745646569652	1.7776153281117
11.030000000000	2.8748696172718	1.7731773063696
11.040000000000	2.8751631450135	1.7687017190215
11.050000000000	2.8754456091538	1.7641882560688
11.060000000000	2.8757173818756	1.7596366101544
11.070000000000	2.8759788385424	1.7550464765962
11.080000000000	2.8762303576575	1.7504175534194
11.090000000000	2.8764723208238	1.7457495413879
11.100000000000	2.8767051127021	1.7410421440342
11.110000000000	2.8769291209690	1.7362950676886
11.120000000000	2.8771447362741	1.7315080215069
11.130000000000	2.8773523521970	1.7266807174974
11.140000000000	2.8775523652032	1.7218128705459
11.150000000000	2.8777451746000	1.7169041984403
11.160000000000	2.8779311824912	1.7119544218937
11.170000000000	2.8781107937324	1.7069632645659
11.180000000000	2.8782844158846	1.7019304530839
11.190000000000	2.8784524591686	1.6968557170615
11.200000000000	2.8786153364179	1.6917387891168
11.210000000000	2.8787734630322	1.6865794048891
11.220000000000	2.8789272569303	1.6813773030539
11.230000000000	2.8790771385020	1.6761322253369
11.240000000000	2.8792235305611	1.6708439165268
11.250000000000	2.8793668582968	1.6655121244861
11.260000000000	2.8795075492262	1.6601366001611
11.270000000000	2.8796460331454	1.6547170975905
11.280000000000	2.8797827420815	1.6492533739119
11.290000000000	2.8799181102439	1.6437451893678
11.300000000000	2.8800525739762	1.6381923073096
11.310000000000	2.8801865717069	1.6325944942006
11.320000000000	2.8803205439016	1.6269515196166
11.330000000000	2.8804549330144	1.6212631562466
11.340000000000	2.8805901834392	1.6155291798907
11.350000000000	2.8807267414617	1.6097493694570
11.360000000000	2.8808650552118	1.6039235069576
11.370000000000	2.8810055746148	1.5980513775019
11.380000000000	2.8811487513448	1.5921327692898
11.390000000000	2.8812950387766	1.5861674736025
11.400000000000	2.8814448919393	1.5801552847921
11.410000000000	2.8815987674690	1.5740960002700
11.420000000000	2.8817571235634	1.5679894204934
11.430000000000	2.8819204199352	1.5618353489508
11.440000000000	2.8820891177670	1.5556335921455
11.450000000000	2.8822636796665	1.5493839595782
11.460000000000	2.8824445696222	1.5430862637279
11.470000000000	2.8826322529595	1.5367403200312
11.480000000000	2.8828271962977	1.5303459468603
11.490000000000	2.8830298675072	1.5239029655001
11.500000000000	2.8832407356683	1.5174112001226
11.510000000000	2.8834602710293	1.5108704777612
11.520000000000	2.8836889449670	1.5042806282832
11.530000000000	2.8839272299465	1.4976414843602
11.540000000000	2.8841755994828	1.4909528814381
11.550000000000	2.8844345281031	1.4842146577055
11.560000000000	2.8847044913094	1.4774266540601
11.570000000000	2.8849859655429	1.4705887140745
11.580000000000	2.8852794281489	1.4637006839606
11.590000000000	2.8855853573425	1.4567624125321
11.600000000000	2.8859042321760	1.4497737511665
11.610000000000	2.8862365325066	1.4427345537650
11.620000000000	2.8865827389661	1.4356446767120
11.630000000000	2.8869433329305	1.4285039788327
11.640000000000	2.8873187964923	1.4213123213496
11.650000000000	2.8877096124325	1.4140695678382
11.660000000000	2.8881162641950	1.4067755841809
11.670000000000	2.8885392358619	1.3994302385202
11.680000000000	2.8889790121295	1.3920334012105
11.690000000000	2.8894360782865	1.3845849447689
11.700000000000	2.8899109201935	1.3770847438252
11.710000000000	2.8904040242628	1.3695326750698
11.720000000000	2.8909158774413	1.3619286172018
11.730000000000	2.8914469671933	1.3542724508755
11.740000000000	2.8919977814861	1.3465640586455
11.750000000000	2.8925688087756	1.3388033249116
11.760000000000	2.8931605379953	1.3309901358623
11.770000000000	2.8937734585449	1.3231243794174
11.780000000000	2.8944080602823	1.3152059451695
11.790000000000	2.8950648335157	1.3072347243255
11.800000000000	2.8957442689982	1.2992106096460
11.810000000000	2.8964468579241	1.2911334953846
11.820000000000	2.8971730919264	1.2830032772268
11.830000000000	2.8979234630761	1.2748198522268
11.840000000000	2.8986984638838	1.2665831187452
11.850000000000	2.8994985873023	1.2582929763849
11.860000000000	2.9003243267314	1.2499493259263
11.870000000000	2.9011761760245	1.2415520692628
11.880000000000	2.9020546294969	1.2331011093345
11.890000000000	2.9029601819360	1.2245963500623
11.900000000000	2.9038933286130	1.2160376962806
11.910000000000	2.9048545652974	1.2074250536703
11.920000000000	2.9058443882723	1.1987583286906
11.930000000000	2.9068632943523	1.1900374285108
11.940000000000	2.9079117809031	1.1812622609413
11.950000000000	2.9089903458631	1.1724327343647
11.960000000000	2.9100994877671	1.1635487576659
11.970000000000	2.9112397057714	1.1546102401623
11.980000000000	2.9124114996818	1.1456170915337
11.990000000000	2.9136153699827	1.1365692217515
12.000000000000	2.9148518178690	1.1274665410083
12.010000000000	2.9161213452793	1.1183089596467
12.020000000000	2.9174244549320	1.1090963880882
12.030000000000	2.9187616503622	1.0998287367617
12.040000000000	2.9201334359623	1.0905059160325
12.050000000000	2.9215403170232	1.0811278361305
12.060000000000	2.9229827997783	1.0716944070784
12.070000000000	2.9244613914498	1.0622055386205
12.080000000000	2.9259766002964	1.0526611401511
12.090000000000	2.9275289356637	1.0430611206425
12.100000000000	2.9291189080365	1.0334053885737
12.110000000000	2.9307470290934	1.0236938518590
12.120000000000	2.9324138117630	1.0139264177768
12.130000000000	2.9341197702832	1.0041029928982
12.140000000000	2.9358654202617	0.99422348301619
12.150000000000	2.9376512787392	0.98428779307464
12.160000000000	2.9394778642546	0.97429582709807
12.170000000000	2.9413456969123	0.96424748812117
12.180000000000	2.9432552984519	0.95414267811886
12.190000000000	2.9452071923200	0.94398129793659
12.200000000000	2.9472019037437	0.93376324722107
12.210000000000	2.9492399598072	0.92348842435123
12.220000000000	2.9513218895300	0.91315672636975
12.230000000000	2.9534482239471	0.90276804891481
12.240000000000	2.9556194961919	0.89232228615248
12.250000000000	2.9578362415812	0.88181933070947
12.260000000000	2.9600989977019	0.87125907360635
12.270000000000	2.9624083045008	0.86064140419142
12.280000000000	2.9647647043758	0.84996621007492
12.290000000000	2.9671687422694	0.83923337706402
12.300000000000	2.9696209657653	0.82844278909820
12.310000000000	2.9721219251859	0.81759432818536
12.320000000000	2.9746721736929	0.80668787433848
12.330000000000	2.9772722673900	0.79572330551298
12.340000000000	2.9799227654276	0.78470049754466
12.350000000000	2.9826242301098	0.77361932408841
12.360000000000	2.9853772270036	0.76247965655753
12.370000000000	2.9881823250509	0.75128136406382
12.380000000000	2.9910400966815	0.74002431335837
12.390000000000	2.9939511179297	0.72870836877306
12.400000000000	2.9969159685521	0.71733339216291
12.410000000000	2.9999352321486	0.70589924284906
12.420000000000	3.0030094962845	0.69440577756265
12.430000000000	3.0061393526162	0.68285285038943
12.440000000000	3.0093253970178	0.67124031271519
12.450000000000	3.0125682297111	0.65956801317195
12.460000000000	3.0158684553974	0.64783579758505
12.470000000000	3.0192266833915	0.63604350892105
12.480000000000	3.0226435277581	0.62419098723636
12.490000000000	3.0261196074508	0.61227806962687
12.500000000000	3.0296555464527	0.60030459017830
12.510000000000	3.0332519739204	0.58827037991744
12.520000000000	3.0369095243291	0.57617526676430
12.530000000000	3.0406288376214	0.56401907548497
12.540000000000	3.0444105593571	0.55180162764549
12.550000000000	3.0482553408666	0.53952274156651
12.560000000000	3.0521638394057	0.52718223227878
12.570000000000	3.0561367183139	0.51477991147952
12.580000000000	3.0601746471739	0.50231558748968
12.590000000000	3.0642783019749	0.48978906521200
12.600000000000	3.0684483652771	0.47720014608989
12.610000000000	3.0726855263797	0.46454862806726
12.620000000000	3.0769904814912	0.45183430554907
12.630000000000	3.0813639339016	0.43905696936277
12.640000000000	3.0858065941586	0.42621640672057
12.650000000000	3.0903191802447	0.41331240118246
12.660000000000	3.0949024177586	0.40034473262012
12.670000000000	3.0995570400984	0.38731317718153
12.680000000000	3.1042837886474	0.37421750725650
12.690000000000	3.1090834129636	0.36105749144281
12.700000000000	3.1139566709709	0.34783289451327
