freq	z_Re	z_Im
2.7000000000000	1.7020274038214	-1.0397224874842
2.7100000000000	1.7096963573280	-1.0167171873792
2.7200000000000	1.7165198694761	-0.99373214068955
2.7300000000000	1.7225114298540	-0.97080710109912
2.7400000000000	1.7276867252094	-0.94798017158577
2.7500000000000	1.7320634539840	-0.92528767932869
2.7600000000000	1.7356611355768	-0.90276407170277
2.7700000000000	1.7385009167674	-0.88044183307033
2.7800000000000	1.7406053775841	-0.85835142180443
2.7900000000000	1.7419983387210	-0.83652122673750
2.8000000000000	1.7427046724106	-0.81497754202458
2.8100000000000	1.7427501184443	-0.79374455924426
2.8200000000000	1.7421611068095	-0.77284437543099
2.8300000000000	1.7409645881876	-0.75229701563865
2.8400000000000	1.7391878733342	-0.73212046857591
2.8500000000000	1.7368584821463	-0.71233073382489
2.8600000000000	1.7340040030162	-0.69294187915368
2.8700000000000	1.7306519628797	-0.67396610645728
2.8800000000000	1.7268297081877	-0.65541382490554
2.8900000000000	1.7225642968746	-0.63729372993919
2.9000000000000	1.7178824012507	-0.61961288683007
2.9100000000000	1.7128102216266	-0.60237681760878
2.9200000000000	1.7073734103700	-0.58558959025620
2.9300000000000	1.7015970060084	-0.56925390915404
2.9400000000000	1.6955053769223	-0.55337120589067
2.9500000000000	1.6891221741149	-0.53794172961875
2.9600000000000	1.6824702925082	-0.52296463626112
2.9700000000000	1.6755718401847	-0.50843807595667
2.9800000000000	1.6684481149789	-0.49435927823022
2.9900000000000	1.6611195878192	-0.48072463445612
3.0000000000000	1.6536058922199	-0.46752977726622
3.0100000000000	1.6459258193383	-0.45476965662650
3.0200000000000	1.6380973180247	-0.44243861237421
3.0300000000000	1.6301374993169	-0.43053044306806
3.0400000000000	1.6220626448560	-0.41903847105824
3.0500000000000	1.6138882187272	-0.40795560373062
3.0600000000000	1.6056288822622	-0.39727439092116
3.0700000000000	1.5972985113682	-0.38698707853234
3.0800000000000	1.5889102159835	-0.37708565841365
3.0900000000000	1.5804763612904	-0.36756191459375
3.1000000000000	1.5720085903476	-0.35840746597230
3.1100000000000	1.5635178478359	-0.34961380559645
3.1200000000000	1.5550144046411	-0.34117233665948
3.1300000000000	1.5465078830258	-0.33307440536900
3.1400000000000	1.5380072821690	-0.32531133083833
3.1500000000000	1.5295210038781	-0.31787443215927
3.1600000000000	1.5210568783021	-0.31075505281596
3.1700000000000	1.5126221894959	-0.30394458259983
3.1800000000000	1.5042237007060	-0.29743447718405
3.1900000000000	1.4958676792685	-0.29121627551291
3.2000000000000	1.4875599210247	-0.28528161515803
3.2100000000000	1.4793057741762	-0.27962224578800
3.2200000000000	1.4711101625172	-0.27423004089317
3.2300000000000	1.4629776079902	-0.26909700790104
3.2400000000000	1.4549122525268	-0.26421529681162
3.2500000000000	1.4469178791423	-0.25957720747543
3.2600000000000	1.4389979322637	-0.25517519563054
3.2700000000000	1.4311555372759	-0.25100187780786
3.2800000000000	1.4233935192804	-0.24705003520788
3.2900000000000	1.4157144210658	-0.24331261664496
3.3000000000000	1.4081205202919	-0.23978274064938
3.3100000000000	1.4006138458988	-0.23645369681078
3.3200000000000	1.3931961937500	-0.23331894644104
3.3300000000000	1.3858691415263	-0.23037212262844
3.3400000000000	1.3786340628874	-0.22760702975012
3.3500000000000	1.3714921409201	-0.22501764250402
3.3600000000000	1.3644443808951	-0.22259810451693
3.3700000000000	1.3574916223544	-0.22034272658069
3.3800000000000	1.3506345505517	-0.21824598456386
3.3900000000000	1.3438737072709	-0.21630251704253
3.4000000000000	1.3372095010461	-0.21450712268965
3.4100000000000	1.3306422168073	-0.21285475745921
3.4200000000000	1.3241720249766	-0.21134053159766
3.4300000000000	1.3177989900396	-0.20995970651252
3.4400000000000	1.3115230786136	-0.20870769152468
3.4500000000000	1.3053441670393	-0.20758004052870
3.4600000000000	1.2992620485159	-0.20657244858276
3.4700000000000	1.2932764398038	-0.20568074844756
3.4800000000000	1.2873869875163	-0.20490090709178
3.4900000000000	1.2815932740207	-0.20422902217938
3.5000000000000	1.2758948229698	-0.20366131855254
3.5100000000000	1.2702911044829	-0.20319414472251
3.5200000000000	1.2647815399961	-0.20282396937882
3.5300000000000	1.2593655067981	-0.20254737792653
3.5400000000000	1.2540423422716	-0.20236106905945
3.5500000000000	1.2488113478535	-0.20226185137664
3.5600000000000	1.2436717927338	-0.20224664004807
3.5700000000000	1.2386229173035	-0.20231245353484
3.5800000000000	1.2336639363709	-0.20245641036830
3.5900000000000	1.2287940421558	-0.20267572599164
3.6000000000000	1.2240124070773	-0.20296770966712
3.6100000000000	1.2193181863462	-0.20332976145129
3.6200000000000	1.2147105203741	-0.20375936924009
3.6300000000000	1.2101885370110	-0.20425410588532
3.6400000000000	1.2057513536200	-0.20481162638340
3.6500000000000	1.2013980790015	-0.20542966513716
3.6600000000000	1.1971278151744	-0.20610603329091
3.6700000000000	1.1929396590237	-0.20683861613877
3.6800000000000	1.1888327038237	-0.20762537060617
3.6900000000000	1.1848060406433	-0.20846432280387
3.7000000000000	1.1808587596423	-0.20935356565395
3.7100000000000	1.1769899512641	-0.21029125658695
3.7200000000000	1.1731987073334	-0.21127561530913
3.7300000000000	1.1694841220630	-0.21230492163880
3.7400000000000	1.1658452929776	-0.21337751341046
3.7500000000000	1.1622813217583	-0.21449178444557
3.7600000000000	1.1587913150146	-0.21564618258844
3.7700000000000	1.1553743849872	-0.21683920780594
3.7800000000000	1.1520296501874	-0.21806941034946
3.7900000000000	1.1487562359774	-0.21933538897774
3.8000000000000	1.1455532750943	-0.22063578923891
3.8100000000000	1.1424199081226	-0.22196930181025
3.8200000000000	1.1393552839193	-0.22333466089415
3.8300000000000	1.1363585599930	-0.22473064266866
3.8400000000000	1.1334289028425	-0.22615606379103
3.8500000000000	1.1305654882555	-0.22760977995281
3.8600000000000	1.1277675015726	-0.22909068448492
3.8700000000000	1.1250341379164	-0.23059770701109
3.8800000000000	1.1223646023908	-0.23212981214827
3.8900000000000	1.1197581102509	-0.23368599825257
3.9000000000000	1.1172138870464	-0.23526529620913
3.9100000000000	1.1147311687403	-0.23686676826460
3.9200000000000	1.1123092018045	-0.23848950690087
3.9300000000000	1.1099472432951	-0.24013263374858
3.9400000000000	1.1076445609070	-0.24179529853911
3.9500000000000	1.1054004330115	-0.24347667809387
3.9600000000000	1.1032141486767	-0.24517597534943
3.9700000000000	1.1010850076732	-0.24689241841739
3.9800000000000	1.0990123204652	-0.24862525967772
3.9900000000000	1.0969954081889	-0.25037377490452
4.0000000000000	1.0950336026192	-0.25213726242284
4.0100000000000	1.0931262461258	-0.25391504229575
4.0200000000000	1.0912726916184	-0.25570645554036
4.0300000000000	1.0894723024842	-0.25751086337184
4.0400000000000	1.0877244525162	-0.25932764647450
4.0500000000000	1.0860285258345	-0.26115620429884
4.0600000000000	1.0843839168010	-0.26299595438376
4.0700000000000	1.0827900299270	-0.26484633170288
4.0800000000000	1.0812462797767	-0.26670678803426
4.0900000000000	1.0797520908647	-0.26857679135252
4.1000000000000	1.0783068975496	-0.27045582524264
4.1100000000000	1.0769101439233	-0.27234338833462
4.1200000000000	1.0755612836973	-0.27423899375821
4.1300000000000	1.0742597800852	-0.27614216861702
4.1400000000000	1.0730051056836	-0.27805245348128
4.1500000000000	1.0717967423496	-0.27996940189855
4.1600000000000	1.0706341810770	-0.28189257992173
4.1700000000000	1.0695169218703	-0.28382156565379
4.1800000000000	1.0684444736181	-0.28575594880845
4.1900000000000	1.0674163539646	-0.28769533028643
4.2000000000000	1.0664320891805	-0.28963932176652
4.2100000000000	1.0654912140332	-0.29158754531101
4.2200000000000	1.0645932716568	-0.29353963298496
4.2300000000000	1.0637378134213	-0.29549522648874
4.2400000000000	1.0629243988024	-0.29745397680340
4.2500000000000	1.0621525952507	-0.29941554384834
4.2600000000000	1.0614219780613	-0.30137959615099
4.2700000000000	1.0607321302442	-0.30334581052777
4.2800000000000	1.0600826423943	-0.30531387177620
4.2900000000000	1.0594731125630	-0.30728347237758
4.3000000000000	1.0589031461296	-0.30925431220992
4.3100000000000	1.0583723556738	-0.31122609827075
4.3200000000000	1.0578803608490	-0.31319854440933
4.3300000000000	1.0574267882569	-0.31517137106816
4.3400000000000	1.0570112713222	-0.31714430503314
4.3500000000000	1.0566334501696	-0.31911707919236
4.3600000000000	1.0562929715003	-0.32108943230299
4.3700000000000	1.0559894884712	-0.32306110876606
4.3800000000000	1.0557226605743	-0.32503185840888
4.3900000000000	1.0554921535177	-0.32700143627477
4.4000000000000	1.0552976391078	-0.32896960241977
4.4100000000000	1.0551387951325	-0.33093612171630
4.4200000000000	1.0550153052462	-0.33290076366324
4.4300000000000	1.0549268588555	-0.33486330220239
4.4400000000000	1.0548731510071	-0.33682351554104
4.4500000000000	1.0548538822758	-0.33878118598038
4.4600000000000	1.0548687586551	-0.34073609974960
4.4700000000000	1.0549174914482	-0.34268804684545
4.4800000000000	1.0549997971610	-0.34463682087706
4.4900000000000	1.0551153973960	-0.34658221891585
4.5000000000000	1.0552640187478	-0.34852404135036
4.5100000000000	1.0554453926997	-0.35046209174579
4.5200000000000	1.0556592555222	-0.35239617670813
4.5300000000000	1.0559053481719	-0.35432610575266
4.5400000000000	1.0561834161926	-0.35625169117674
4.5500000000000	1.0564932096175	-0.35817274793671
4.5600000000000	1.0568344828719	-0.36008909352869
4.5700000000000	1.0572069946787	-0.36200054787329
4.5800000000000	1.0576105079635	-0.36390693320399
4.5900000000000	1.0580447897624	-0.36580807395903
4.6000000000000	1.0585096111300	-0.36770379667686
4.6100000000000	1.0590047470491	-0.36959392989481
4.6200000000000	1.0595299763416	-0.37147830405106
4.6300000000000	1.0600850815805	-0.37335675138973
4.6400000000000	1.0606698490030	-0.37522910586885
4.6500000000000	1.0612840684248	-0.37709520307143
4.6600000000000	1.0619275331557	-0.37895488011921
4.6700000000000	1.0626000399160	-0.38080797558916
4.6800000000000	1.0633013887543	-0.38265432943267
4.6900000000000	1.0640313829660	-0.38449378289719
4.7000000000000	1.0647898290134	-0.38632617845043
4.7100000000000	1.0655765364460	-0.38815135970691
4.7200000000000	1.0663913178229	-0.38996917135681
4.7300000000000	1.0672339886351	-0.39177945909708
4.7400000000000	1.0681043672295	-0.39358206956476
4.7500000000000	1.0690022747336	-0.39537685027231
4.7600000000000	1.0699275349812	-0.39716364954505
4.7700000000000	1.0708799744385	-0.39894231646063
4.7800000000000	1.0718594221322	-0.40071270079027
4.7900000000000	1.0728657095772	-0.40247465294201
4.8000000000000	1.0738986707062	-0.40422802390569
4.8100000000000	1.0749581417993	-0.40597266519976
4.8200000000000	1.0760439614149	-0.40770842881966
4.8300000000000	1.0771559703214	-0.40943516718805
4.8400000000000	1.0782940114292	-0.41115273310650
4.8500000000000	1.0794579297242	-0.41286097970881
4.8600000000000	1.0806475722012	-0.41455976041586
4.8700000000000	1.0818627877986	-0.41624892889195
4.8800000000000	1.0831034273335	-0.41792833900259
4.8900000000000	1.0843693434379	-0.41959784477365
4.9000000000000	1.0856603904948	-0.42125730035196
4.9100000000000	1.0869764245755	-0.42290655996724
4.9200000000000	1.0883173033778	-0.42454547789529
4.9300000000000	1.0896828861637	-0.42617390842248
4.9400000000000	1.0910730336989	-0.42779170581156
4.9500000000000	1.0924876081925	-0.42939872426856
4.9600000000000	1.0939264732365	-0.43099481791102
4.9700000000000	1.0953894937470	-0.43257984073728
4.9800000000000	1.0968765359053	-0.43415364659698
4.9900000000000	1.0983874670994	-0.43571608916267
5.0000000000000	1.0999221558665	-0.43726702190248
5.0100000000000	1.1014804718355	-0.43880629805393
5.0200000000000	1.1030622856701	-0.44033377059874
5.0300000000000	1.1046674690127	-0.44184929223871
5.0400000000000	1.1062958944280	-0.44335271537264
5.0500000000000	1.1079474353482	-0.44484389207419
5.0600000000000	1.1096219660171	-0.44632267407077
5.0700000000000	1.1113193614361	-0.44778891272344
5.0800000000000	1.1130394973093	-0.44924245900767
5.0900000000000	1.1147822499903	-0.45068316349513
5.1000000000000	1.1165474964280	-0.45211087633636
5.1100000000000	1.1183351141138	-0.45352544724443
5.1200000000000	1.1201449810289	-0.45492672547939
5.1300000000000	1.1219769755914	-0.45631455983373
5.1400000000000	1.1238309766045	-0.45768879861866
5.1500000000000	1.1257068632048	-0.45904928965132
5.1600000000000	1.1276045148102	-0.46039588024282
5.1700000000000	1.1295238110696	-0.46172841718713
5.1800000000000	1.1314646318113	-0.46304674675090
5.1900000000000	1.1334268569927	-0.46435071466403
5.2000000000000	1.1354103666500	-0.46564016611115
5.2100000000000	1.1374150408482	-0.46691494572396
5.2200000000000	1.1394407596311	-0.46817489757427
5.2300000000000	1.1414874029723	-0.46941986516804
5.2400000000000	1.1435548507256	-0.47064969144013
5.2500000000000	1.1456429825761	-0.47186421874989
5.2600000000000	1.1477516779917	-0.47306328887761
5.2700000000000	1.1498808161744	-0.47424674302172
5.2800000000000	1.1520302760122	-0.47541442179685
5.2900000000000	1.1541999360313	-0.47656616523269
5.3000000000000	1.1563896743480	-0.47770181277364
5.3100000000000	1.1585993686217	-0.47882120327932
5.3200000000000	1.1608288960073	-0.47992417502578
5.3300000000000	1.1630781331081	-0.48101056570768
5.3400000000000	1.1653469559294	-0.48208021244108
5.3500000000000	1.1676352398319	-0.48313295176723
5.3600000000000	1.1699428594849	-0.48416861965705
5.3700000000000	1.1722696888208	-0.48518705151642
5.3800000000000	1.1746156009889	-0.48618808219234
5.3900000000000	1.1769804683100	-0.48717154597987
5.4000000000000	1.1793641622309	-0.48813727662986
5.4100000000000	1.1817665532792	-0.48908510735755
5.4200000000000	1.1841875110185	-0.49001487085192
5.4300000000000	1.1866269040037	-0.49092639928591
5.4400000000000	1.1890845997366	-0.49181952432746
5.4500000000000	1.1915604646216	-0.49269407715134
5.4600000000000	1.1940543639221	-0.49354988845181
5.4700000000000	1.1965661617166	-0.49438678845619
5.4800000000000	1.1990957208552	-0.49520460693911
5.4900000000000	1.2016429029168	-0.49600317323777
5.5000000000000	1.2042075681658	-0.49678231626789
5.5100000000000	1.2067895755102	-0.49754186454059
5.5200000000000	1.2093887824585	-0.49828164618010
5.5300000000000	1.2120050450783	-0.49900148894230
5.5400000000000	1.2146382179544	-0.49970122023413
5.5500000000000	1.2172881541473	-0.50038066713381
5.5600000000000	1.2199547051526	-0.50103965641201
5.5700000000000	1.2226377208596	-0.50167801455380
5.5800000000000	1.2253370495113	-0.50229556778150
5.5900000000000	1.2280525376643	-0.50289214207837
5.6000000000000	1.2307840301492	-0.50346756321323
5.6100000000000	1.2335313700309	-0.50402165676590
5.6200000000000	1.2362943985703	-0.50455424815353
5.6300000000000	1.2390729551849	-0.50506516265784
5.6400000000000	1.2418668774114	-0.50555422545319
5.6500000000000	1.2446760008675	-0.50602126163560
5.6600000000000	1.2475001592149	-0.50646609625260
5.6700000000000	1.2503391841222	-0.50688855433402
5.6800000000000	1.2531929052286	-0.50728846092363
5.6900000000000	1.2560611501079	-0.50766564111171
5.7000000000000	1.2589437442331	-0.50801992006848
5.7100000000000	1.2618405109416	-0.50835112307849
5.7200000000000	1.2647512714004	-0.50865907557583
5.7300000000000	1.2676758445726	-0.50894360318029
5.7400000000000	1.2706140471837	-0.50920453173442
5.7500000000000	1.2735656936893	-0.50944168734145
5.7600000000000	1.2765305962422	-0.50965489640421
5.7700000000000	1.2795085646616	-0.50984398566478
5.7800000000000	1.2824994064016	-0.51000878224523
5.7900000000000	1.2855029265208	-0.51014911368913
5.8000000000000	1.2885189276532	-0.51026480800398
5.8100000000000	1.2915472099788	-0.51035569370459
5.8200000000000	1.2945875711951	-0.51042159985728
5.8300000000000	1.2976398064900	-0.51046235612502
5.8400000000000	1.3007037085148	-0.51047779281345
5.8500000000000	1.3037790673579	-0.51046774091772
5.8600000000000	1.3068656705198	-0.51043203217033
5.8700000000000	1.3099633028884	-0.51037049908971
5.8800000000000	1.3130717467156	-0.51028297502977
5.8900000000000	1.3161907815941	-0.51016929423026
5.9000000000000	1.3193201844357	-0.51002929186797
5.9100000000000	1.3224597294502	-0.50986280410887
5.9200000000000	1.3256091881252	-0.50966966816095
5.9300000000000	1.3287683292070	-0.50944972232802
5.9400000000000	1.3319369186822	-0.50920280606426
5.9500000000000	1.3351147197605	-0.50892876002962
5.9600000000000	1.3383014928584	-0.50862742614597
5.9700000000000	1.3414969955843	-0.50829864765413
5.9800000000000	1.3447009827237	-0.50794226917160
5.9900000000000	1.3479132062266	-0.50755813675109
6.0000000000000	1.3511334151957	-0.50714609793980
6.0100000000000	1.3543613558747	-0.50670600183948
6.0200000000000	1.3575967716396	-0.50623769916711
6.0300000000000	1.3608394029895	-0.50574104231643
6.0400000000000	1.3640889875396	-0.50521588542006
6.0500000000000	1.3673452600150	-0.50466208441236
6.0600000000000	1.3706079522459	-0.50407949709286
6.0700000000000	1.3738767931641	-0.50346798319048
6.0800000000000	1.3771515088005	-0.50282740442823
6.0900000000000	1.3804318222847	-0.50215762458857
6.1000000000000	1.3837174538447	-0.50145850957937
6.1100000000000	1.3870081208094	-0.50072992750037
6.1200000000000	1.3903035376113	-0.49997174871025
6.1300000000000	1.3936034157914	-0.49918384589413
6.1400000000000	1.3969074640050	-0.49836609413163
6.1500000000000	1.4002153880296	-0.49751837096533
6.1600000000000	1.4035268907738	-0.49664055646969
6.1700000000000	1.4068416722875	-0.49573253332040
6.1800000000000	1.4101594297744	-0.49479418686408
6.1900000000000	1.4134798576057	-0.49382540518830
6.2000000000000	1.4168026473349	-0.49282607919200
6.2100000000000	1.4201274877148	-0.49179610265611
6.2200000000000	1.4234540647164	-0.49073537231451
6.2300000000000	1.4267820615481	-0.48964378792511
6.2400000000000	1.4301111586784	-0.48852125234122
6.2500000000000	1.4334410338586	-0.48736767158304
6.2600000000000	1.4367713621485	-0.48618295490921
6.2700000000000	1.4401018159427	-0.48496701488854
6.2800000000000	1.4434320649998	-0.48371976747171
6.2900000000000	1.4467617764723	-0.48244113206301
6.3000000000000	1.4500906149387	-0.48113103159204
6.3100000000000	1.4534182424379	-0.47978939258534
6.3200000000000	1.4567443185040	-0.47841614523788
6.3300000000000	1.4600685002049	-0.47701122348446
6.3400000000000	1.4633904421806	-0.47557456507083
6.3500000000000	1.4667097966849	-0.47410611162461
6.3600000000000	1.4700262136284	-0.47260580872596
6.3700000000000	1.4733393406231	-0.47107360597783
6.3800000000000	1.4766488230291	-0.46950945707593
6.3900000000000	1.4799543040035	-0.46791331987820
6.4000000000000	1.4832554245504	-0.46628515647387
6.4100000000000	1.4865518235735	-0.46462493325198
6.4200000000000	1.4898431379303	-0.46293262096929
6.4300000000000	1.4931290024879	-0.46120819481768
6.4400000000000	1.4964090501812	-0.45945163449081
6.4500000000000	1.4996829120727	-0.45766292425003
6.4600000000000	1.5029502174143	-0.45584205298966
6.4700000000000	1.5062105937107	-0.45398901430133
6.4800000000000	1.5094636667848	-0.45210380653750
6.4900000000000	1.5127090608455	-0.45018643287406
6.5000000000000	1.5159463985564	-0.44823690137198
6.5100000000000	1.5191753011072	-0.44625522503792
6.5200000000000	1.5223953882864	-0.44424142188371
6.5300000000000	1.5256062785561	-0.44219551498484
6.5400000000000	1.5288075891284	-0.44011753253761
6.5500000000000	1.5319989360441	-0.43800750791516
6.5600000000000	1.5351799342525	-0.43586547972215
6.5700000000000	1.5383501976932	-0.43369149184813
6.5800000000000	1.5415093393803	-0.43148559351950
6.5900000000000	1.5446569714870	-0.42924783935002
6.6000000000000	1.5477927054334	-0.42697828938984
6.6100000000000	1.5509161519747	-0.42467700917294
6.6200000000000	1.5540269212920	-0.42234406976298
6.6300000000000	1.5571246230839	-0.41997954779752
6.6400000000000	1.5602088666608	-0.41758352553045
6.6500000000000	1.5632792610391	-0.41515609087274
6.6600000000000	1.5663354150388	-0.41269733743134
6.6700000000000	1.5693769373812	-0.41020736454618
6.6800000000000	1.5724034367889	-0.40768627732530
6.6900000000000	1.5754145220865	-0.40513418667800
6.7000000000000	1.5784098023033	-0.40255120934597
6.7100000000000	1.5813888867769	-0.39993746793236
6.7200000000000	1.5843513852586	-0.39729309092871
6.7300000000000	1.5872969080195	-0.39461821273978
6.7400000000000	1.5902250659580	-0.39191297370612
6.7500000000000	1.5931354707085	-0.38917752012442
6.7600000000000	1.5960277347513	-0.38641200426559
6.7700000000000	1.5989014715234	-0.38361658439042
6.7800000000000	1.6017562955301	-0.38079142476299
6.7900000000000	1.6045918224581	-0.37793669566155
6.8000000000000	1.6074076692889	-0.37505257338702
6.8100000000000	1.6102034544134	-0.37213924026896
6.8200000000000	1.6129787977471	-0.36919688466903
6.8300000000000	1.6157333208459	-0.36622570098191
6.8400000000000	1.6184666470231	-0.36322588963356
6.8500000000000	1.6211784014660	-0.36019765707694
6.8600000000000	1.6238682113541	-0.35714121578498
6.8700000000000	1.6265357059766	-0.35405678424100
6.8800000000000	1.6291805168518	-0.35094458692627
6.8900000000000	1.6318022778449	-0.34780485430494
6.9000000000000	1.6344006252878	-0.34463782280622
6.9100000000000	1.6369751980981	-0.34144373480371
6.9200000000000	1.6395256378981	-0.33822283859199
6.9300000000000	1.6420515891346	-0.33497538836042
6.9400000000000	1.6445526991980	-0.33170164416409
6.9500000000000	1.6470286185413	-0.32840187189190
6.9600000000000	1.6494790007993	-0.32507634323191
6.9700000000000	1.6519035029072	-0.32172533563366
6.9800000000000	1.6543017852188	-0.31834913226785
6.9900000000000	1.6566735116248	-0.31494802198298
7.0000000000000	1.6590183496695	-0.31152229925919
7.0100000000000	1.6613359706684	-0.30807226415932
7.0200000000000	1.6636260498236	-0.30459822227695
7.0300000000000	1.6658882663398	-0.30110048468179
7.0400000000000	1.6681223035385	-0.29757936786204
7.0500000000000	1.6703278489718	-0.29403519366407
7.0600000000000	1.6725045945351	-0.29046828922919
7.0700000000000	1.6746522365785	-0.28687898692768
7.0800000000000	1.6767704760177	-0.28326762429003
7.0900000000000	1.6788590184430	-0.27963454393537
7.1000000000000	1.6809175742272	-0.27598009349725
7.1100000000000	1.6829458586326	-0.27230462554666
7.1200000000000	1.6849435919156	-0.26860849751234
7.1300000000000	1.6869104994309	-0.26489207159855
7.1400000000000	1.6888463117329	-0.26115571470008
7.1500000000000	1.6907507646767	-0.25739979831480
7.1600000000000	1.6926235995164	-0.25362469845361
7.1700000000000	1.6944645630016	-0.24983079554791
7.1800000000000	1.6962734074728	-0.24601847435456
7.1900000000000	1.6980498909540	-0.24218812385854
7.2000000000000	1.6997937772438	-0.23834013717311
7.2100000000000	1.7015048360036	-0.23447491143777
7.2200000000000	1.7031828428452	-0.23059284771386
7.2300000000000	1.7048275794140	-0.22669435087803
7.2400000000000	1.7064388334721	-0.22277982951352
7.2500000000000	1.7080163989772	-0.21884969579933
7.2600000000000	1.7095600761605	-0.21490436539741
7.2700000000000	1.7110696716008	-0.21094425733782
7.2800000000000	1.7125449982976	-0.20696979390202
7.2900000000000	1.7139858757397	-0.20298140050430
7.3000000000000	1.7153921299733	-0.19897950557147
7.3100000000000	1.7167635936655	-0.19496454042081
7.3200000000000	1.7181001061660	-0.19093693913640
7.3300000000000	1.7194015135661	-0.18689713844391
7.3400000000000	1.7206676687543	-0.18284557758389
7.3500000000000	1.7218984314696	-0.17878269818366
7.3600000000000	1.7230936683513	-0.17470894412788
7.3700000000000	1.7242532529863	-0.17062476142783
7.3800000000000	1.7253770659533	-0.16653059808959
7.3900000000000	1.7264649948635	-0.16242690398107
7.4000000000000	1.7275169343992	-0.15831413069803
7.4100000000000	1.7285327863483	-0.15419273142927
7.4200000000000	1.7295124596363	-0.15006316082082
7.4300000000000	1.7304558703550	-0.14592587483955
7.4400000000000	1.7313629417878	-0.14178133063596
7.4500000000000	1.7322336044327	-0.13762998640649
7.4600000000000	1.7330677960204	-0.13347230125532
7.4700000000000	1.7338654615315	-0.12930873505565
7.4800000000000	1.7346265532082	-0.12513974831085
7.4900000000000	1.7353510305643	-0.12096580201519
7.5000000000000	1.7360388603917	-0.11678735751453
7.5100000000000	1.7366900167631	-0.11260487636694
7.5200000000000	1.7373044810320	-0.10841882020329
7.5300000000000	1.7378822418294	-0.10422965058802
7.5400000000000	1.7384232950572	-0.10003782888011
7.5500000000000	1.7389276438786	-0.095843816094246
7.5600000000000	1.7393952987047	-0.091648072762500
7.5700000000000	1.7398262771790	-0.087451058796366
7.5800000000000	1.7402206041576	-0.083253233349389
7.5900000000000	1.7405783116870	-0.079055054680421
7.6000000000000	1.7408994389788	-0.074856980017569
7.6100000000000	1.7411840323804	-0.070659465422972
7.6200000000000	1.7414321453442	-0.066462965658430
7.6300000000000	1.7416438383923	-0.062267934052016
7.6400000000000	1.7418191790790	-0.058074822365699
7.6500000000000	1.7419582419500	-0.053884080664122
7.6600000000000	1.7420611084993	-0.049696157184537
7.6700000000000	1.7421278671219	-0.045511498208029
7.6800000000000	1.7421586130654	-0.041330547932098
7.6900000000000	1.7421534483772	-0.037153748344624
7.7000000000000	1.7421124818499	-0.032981539099353
7.7100000000000	1.7420358289640	-0.028814357392923
7.7200000000000	1.7419236118272	-0.024652637843516
7.7300000000000	1.7417759591117	-0.020496812371224
7.7400000000000	1.7415930059894	-0.016347310080124
7.7500000000000	1.7413748940631	-0.012204557142227
7.7600000000000	1.7411217712969	-0.0080689766832443
7.7700000000000	1.7408337919434	-0.0039409886703814
7.7800000000000	1.7405111164685	0.00017899019772722
7.7900000000000	1.7401539114744	0.0042905466005364
7.8000000000000	1.7397623496200	0.0083932706991008
7.8100000000000	1.7393366095394	0.012486756242656
7.8200000000000	1.7388768757584	0.016570600669056
7.8300000000000	1.7383833386085	0.020644405204682
7.8400000000000	1.7378561941401	0.024707774961573
7.8500000000000	1.7372956440322	0.028760319032428
7.8600000000000	1.7367018955020	0.032801650583149
7.8700000000000	1.7360751612113	0.036831386942996
7.8800000000000	1.7354156591726	0.040849149692318
7.8900000000000	1.7347236126527	0.044854564747815
7.9000000000000	1.7339992500749	0.048847262445296
7.9100000000000	1.7332428049202	0.052826877619923
7.9200000000000	1.7324545156268	0.056793049683907
7.9300000000000	1.7316346254886	0.060745422701622
7.9400000000000	1.7307833825519	0.064683645462137
7.9500000000000	1.7299010395117	0.068607371549147
7.9600000000000	1.7289878536068	0.072516259408274
7.9700000000000	1.7280440865129	0.076409972411723
7.9800000000000	1.7270700042368	0.080288178920307
7.9900000000000	1.7260658770076	0.084150552342803
8.0000000000000	1.7250319791686	0.087996771192660
8.0100000000000	1.7239685890678	0.091826519142024
8.0200000000000	1.7228759889482	0.095639485073108
8.0300000000000	1.7217544648375	0.099435363126899
8.0400000000000	1.7206043064366	0.10321385274917
8.0500000000000	1.7194258070089	0.10697465873390
8.0600000000000	1.7182192632685	0.11071749126391
8.0700000000000	1.7169849752681	0.11444206594904
8.0800000000000	1.7157232462871	0.11814810386151
8.0900000000000	1.7144343827194	0.12183533156878
8.1000000000000	1.7131186939609	0.12550348116373
8.1100000000000	1.7117764922976	0.12915229029231
8.1200000000000	1.7104080927932	0.13278150217856
8.1300000000000	1.7090138131770	0.13639086564713
8.1400000000000	1.7075939737322	0.13998013514320
8.1500000000000	1.7061488971844	0.14354907074998
8.1600000000000	1.7046789085902	0.14709743820363
8.1700000000000	1.7031843352264	0.15062500890583
8.1800000000000	1.7016655064797	0.15413155993378
8.1900000000000	1.7001227537365	0.15761687404797
8.2000000000000	1.6985564102742	0.16108073969744
8.2100000000000	1.6969668111516	0.16452295102276
8.2200000000000	1.6953542931017	0.16794330785670
8.2300000000000	1.6937191944240	0.17134161572267
8.2400000000000	1.6920618548776	0.17471768583083
8.2500000000000	1.6903826155763	0.17807133507210
8.2600000000000	1.6886818188828	0.18140238600997
8.2700000000000	1.6869598083057	0.18471066687017
8.2800000000000	1.6852169283956	0.18799601152832
8.2900000000000	1.6834535246438	0.19125825949546
8.3000000000000	1.6816699433810	0.19449725590166
8.3100000000000	1.6798665316775	0.19771285147762
8.3200000000000	1.6780436372446	0.20090490253439
8.3300000000000	1.6762016083369	0.20407327094122
8.3400000000000	1.6743407936560	0.20721782410151
8.3500000000000	1.6724615422552	0.21033843492714
8.3600000000000	1.6705642034458	0.21343498181090
8.3700000000000	1.6686491267044	0.21650734859730
8.3800000000000	1.6667166615815	0.21955542455178
8.3900000000000	1.6647671576120	0.22257910432826
8.4000000000000	1.6628009642260	0.22557828793514
8.4100000000000	1.6608184306623	0.22855288069987
8.4200000000000	1.6588199058821	0.23150279323194
8.4300000000000	1.6568057384852	0.23442794138461
8.4400000000000	1.6547762766267	0.23732824621515
8.4500000000000	1.6527318679360	0.24020363394386
8.4600000000000	1.6506728594369	0.24305403591174
8.4700000000000	1.6485995974690	0.24587938853702
8.4800000000000	1.6465124276113	0.24867963327049
8.4900000000000	1.6444116946065	0.25145471654965
8.5000000000000	1.6422977422878	0.25420458975188
8.5100000000000	1.6401709135061	0.25692920914652
8.5200000000000	1.6380315500599	0.25962853584595
8.5300000000000	1.6358799926263	0.26230253575580
8.5400000000000	1.6337165806932	0.26495117952419
8.5500000000000	1.6315416524939	0.26757444249016
8.5600000000000	1.6293555449426	0.27017230463133
8.5700000000000	1.6271585935717	0.27274475051072
8.5800000000000	1.6249511324710	0.27529176922295
8.5900000000000	1.6227334942280	0.27781335433971
8.6000000000000	1.6205060098703	0.28030950385462
8.6100000000000	1.6182690088089	0.28278022012750
8.6200000000000	1.6160228187842	0.28522550982815
8.6300000000000	1.6137677658122	0.28764538387951
8.6400000000000	1.6115041741333	0.29003985740054
8.6500000000000	1.6092323661624	0.29240894964849
8.6600000000000	1.6069526624406	0.29475268396095
8.6700000000000	1.6046653815880	0.29707108769748
8.6800000000000	1.6023708402588	0.29936419218092
8.6900000000000	1.6000693530974	0.30163203263852
8.7000000000000	1.5977612326963	0.30387464814279
8.7100000000000	1.5954467895553	0.30609208155214
8.7200000000000	1.5931263320423	0.30828437945141
8.7300000000000	1.5908001663556	0.31045159209229
8.7400000000000	1.5884685964881	0.31259377333360
8.7500000000000	1.5861319241916	0.31471098058156
8.7600000000000	1.5837904489445	0.31680327473003
8.7700000000000	1.5814444679195	0.31887072010079
8.7800000000000	1.5790942759528	0.32091338438379
8.7900000000000	1.5767401655156	0.32293133857756
8.8000000000000	1.5743824266862	0.32492465692971
8.8100000000000	1.5720213471236	0.32689341687748
8.8200000000000	1.5696572120426	0.32883769898856
8.8300000000000	1.5672903041901	0.33075758690204
8.8400000000000	1.5649209038228	0.33265316726958
8.8500000000000	1.5625492886863	0.33452452969684
8.8600000000000	1.5601757339950	0.33637176668512
8.8700000000000	1.5578005124139	0.33819497357340
8.8800000000000	1.5554238940409	0.33999424848054
8.8900000000000	1.5530461463912	0.34176969224797
8.9000000000000	1.5506675343819	0.34352140838261
8.9100000000000	1.5482883203186	0.34524950300025
8.9200000000000	1.5459087638825	0.34695408476927
8.9300000000000	1.5435291221193	0.34863526485485
8.9400000000000	1.5411496494284	0.35029315686353
8.9500000000000	1.5387705975538	0.35192787678827
8.9600000000000	1.5363922155761	0.35353954295399
8.9700000000000	1.5340147499046	0.35512827596356
8.9800000000000	1.5316384442717	0.35669419864437
8.9900000000000	1.5292635397275	0.35823743599527
9.0000000000000	1.5268902746355	0.35975811513422
9.0100000000000	1.5245188846694	0.36125636524638
9.0200000000000	1.5221496028105	0.36273231753274
9.0300000000000	1.5197826593465	0.36418610515944
9.0400000000000	1.5174182818706	0.36561786320751
9.0500000000000	1.5150566952819	0.36702772862337
9.0600000000000	1.5126981217867	0.36841584016981
9.0700000000000	1.5103427808998	0.36978233837764
9.0800000000000	1.5079908894478	0.37112736549795
9.0900000000000	1.5056426615722	0.37245106545505
9.1000000000000	1.5032983087336	0.37375358379993
9.1100000000000	1.5009580397168	0.37503506766451
9.1200000000000	1.4986220606360	0.37629566571647
9.1300000000000	1.4962905749418	0.37753552811473
9.1400000000000	1.4939637834273	0.37875480646563
9.1500000000000	1.4916418842364	0.37995365377980
9.1600000000000	1.4893250728716	0.38113222442963
9.1700000000000	1.4870135422028	0.38229067410750
9.1800000000000	1.4847074824769	0.38342915978466
9.1900000000000	1.4824070813276	0.38454783967083
9.2000000000000	1.4801125237858	0.38564687317442
9.2100000000000	1.4778239922905	0.38672642086352
9.2200000000000	1.4755416667006	0.38778664442755
9.2300000000000	1.4732657243065	0.38882770663963
9.2400000000000	1.4709963398427	0.38984977131960
9.2500000000000	1.4687336855004	0.39085300329780
9.2600000000000	1.4664779309411	0.39183756837952
9.2700000000000	1.4642292433100	0.39280363331015
9.2800000000000	1.4619877872498	0.39375136574102
9.2900000000000	1.4597537249158	0.39468093419598
9.3000000000000	1.4575272159898	0.39559250803862
9.3100000000000	1.4553084176957	0.39648625744024
9.3200000000000	1.4530974848148	0.39736235334847
9.3300000000000	1.4508945697012	0.39822096745663
9.3400000000000	1.4486998222980	0.39906227217375
9.3500000000000	1.4465133901534	0.39988644059527
9.3600000000000	1.4443354184372	0.40069364647445
9.3700000000000	1.4421660499572	0.40148406419444
9.3800000000000	1.4400054251763	0.40225786874109
9.3900000000000	1.4378536822299	0.40301523567632
9.4000000000000	1.4357109569422	0.40375634111227
9.4100000000000	1.4335773828446	0.40448136168608
9.4200000000000	1.4314530911928	0.40519047453532
9.4300000000000	1.4293382109844	0.40588385727408
9.4400000000000	1.4272328689770	0.40656168796978
9.4500000000000	1.4251371897059	0.40722414512049
9.4600000000000	1.4230512955024	0.40787140763307
9.4700000000000	1.4209753065115	0.40850365480180
9.4800000000000	1.4189093407105	0.40912106628774
9.4900000000000	1.4168535139267	0.40972382209869
9.5000000000000	1.4148079398564	0.41031210256975
9.5100000000000	1.4127727300825	0.41088608834452
9.5200000000000	1.4107479940930	0.41144596035694
9.5300000000000	1.4087338392998	0.41199189981368
9.5400000000000	1.4067303710561	0.41252408817719
9.5500000000000	1.4047376926758	0.41304270714929
9.5600000000000	1.4027559054507	0.41354793865536
9.5700000000000	1.4007851086695	0.41403996482919
9.5800000000000	1.3988253996355	0.41451896799828
9.5900000000000	1.3968768736851	0.41498513066978
9.6000000000000	1.3949396242055	0.41543863551704
9.6100000000000	1.3930137426529	0.41587966536657
9.6200000000000	1.3910993185703	0.41630840318573
9.6300000000000	1.3891964396053	0.41672503207080
9.6400000000000	1.3873051915277	0.41712973523575
9.6500000000000	1.3854256582472	0.41752269600134
9.6600000000000	1.3835579218304	0.41790409778495
9.6700000000000	1.3817020625188	0.41827412409077
9.6800000000000	1.3798581587453	0.41863295850060
9.6900000000000	1.3780262871515	0.41898078466507
9.7000000000000	1.3762065226043	0.41931778629545
9.7100000000000	1.3743989382128	0.41964414715584
9.7200000000000	1.3726036053448	0.41996005105591
9.7300000000000	1.3708205936427	0.42026568184414
9.7400000000000	1.3690499710400	0.42056122340146
9.7500000000000	1.3672918037770	0.42084685963535
9.7600000000000	1.3655461564165	0.42112277447448
9.7700000000000	1.3638130918595	0.42138915186370
9.7800000000000	1.3620926713601	0.42164617575954
9.7900000000000	1.3603849545406	0.42189403012606
9.8000000000000	1.3586899994065	0.42213289893124
9.8100000000000	1.3570078623609	0.42236296614367
9.8200000000000	1.3553385982189	0.42258441572977
9.8300000000000	1.3536822602213	0.42279743165126
9.8400000000000	1.3520389000488	0.42300219786323
9.8500000000000	1.3504085678354	0.42319889831240
9.8600000000000	1.3487913121815	0.42338771693589
9.8700000000000	1.3471871801670	0.42356883766036
9.8800000000000	1.3455962173639	0.42374244440142
9.8900000000000	1.3440184678486	0.42390872106355
9.9000000000000	1.3424539742144	0.42406785154024
9.9100000000000	1.3409027775828	0.42422001971459
9.9200000000000	1.3393649176151	0.42436540946017
9.9300000000000	1.3378404325239	0.42450420464224
9.9400000000000	1.3363293590837	0.42463658911935
9.9500000000000	1.3348317326411	0.42476274674518
9.9600000000000	1.3333475871258	0.42488286137074
9.9700000000000	1.3318769550597	0.42499711684691
9.9800000000000	1.3304198675671	0.42510569702718
9.9900000000000	1.3289763543831	0.42520878577082
10.000000000000	1.3275464438634	0.42530656694620
10.010000000000	1.3261301629919	0.42539922443453
10.020000000000	1.3247275373894	0.42548694213374
10.030000000000	1.3233385913214	0.42556990396274
10.040000000000	1.3219633477050	0.42564829386586
10.050000000000	1.3206018281165	0.42572229581763
10.060000000000	1.3192540527977	0.42579209382767
10.070000000000	1.3179200406624	0.42585787194602
10.080000000000	1.3165998093022	0.42591981426848
10.090000000000	1.3152933749919	0.42597810494239
10.100000000000	1.3140007526949	0.42603292817245
10.110000000000	1.3127219560678	0.42608446822690
10.120000000000	1.3114569974645	0.42613290944381
10.130000000000	1.3102058879403	0.42617843623761
10.140000000000	1.3089686372556	0.42622123310582
10.150000000000	1.3077452538786	0.42626148463594
10.160000000000	1.3065357449881	0.42629937551255
10.170000000000	1.3053401164757	0.42633509052456
10.180000000000	1.3041583729480	0.42636881457267
10.190000000000	1.3029905177271	0.42640073267690
10.200000000000	1.3018365528526	0.42643102998437
10.210000000000	1.3006964790811	0.42645989177718
10.220000000000	1.2995702958870	0.42648750348044
10.230000000000	1.2984580014617	0.42651405067041
10.240000000000	1.2973595927126	0.42653971908278
10.250000000000	1.2962750652623	0.42656469462108
10.260000000000	1.2952044134463	0.42658916336520
10.270000000000	1.2941476303109	0.42661331157997
10.280000000000	1.2931047076105	0.42663732572388
10.290000000000	1.2920756358043	0.42666139245789
10.300000000000	1.2910604040526	0.42668569865425
10.310000000000	1.2900590002128	0.42671043140553
10.320000000000	1.2890714108343	0.42673577803355
10.330000000000	1.2880976211537	0.42676192609849
10.340000000000	1.2871376150888	0.42678906340801
10.350000000000	1.2861913752325	0.42681737802635
10.360000000000	1.2852588828464	0.42684705828362
10.370000000000	1.2843401178529	0.42687829278490
10.380000000000	1.2834350588278	0.42691127041957
10.390000000000	1.2825436829922	0.42694618037046
10.400000000000	1.2816659662034	0.42698321212314
10.410000000000	1.2808018829454	0.42702255547512
10.420000000000	1.2799514063194	0.42706440054507
10.430000000000	1.2791145080328	0.42710893778198
10.440000000000	1.2782911583887	0.42715635797428
10.450000000000	1.2774813262740	0.42720685225899
10.460000000000	1.2766849791473	0.42726061213068
10.470000000000	1.2759020830264	0.42731782945047
10.480000000000	1.2751326024744	0.42737869645494
10.490000000000	1.2743765005867	0.42744340576485
10.500000000000	1.2736337389758	0.42751215039395
10.510000000000	1.2729042777564	0.42758512375747
10.520000000000	1.2721880755300	0.42766251968066
10.530000000000	1.2714850893685	0.42774453240709
10.540000000000	1.2707952747972	0.42783135660689
10.550000000000	1.2701185857774	0.42792318738472
10.560000000000	1.2694549746883	0.42802022028775
10.570000000000	1.2688043923084	0.42812265131326
10.580000000000	1.2681667877958	0.42823067691620
10.590000000000	1.2675421086684	0.42834449401648
10.600000000000	1.2669303007834	0.42846430000608
10.610000000000	1.2663313083158	0.42859029275586
10.620000000000	1.2657450737363	0.42872267062219
10.630000000000	1.2651715377892	0.42886163245332
10.640000000000	1.2646106394685	0.42900737759545
10.650000000000	1.2640623159946	0.42916010589851
10.660000000000	1.2635265027890	0.42932001772168
10.670000000000	1.2630031334498	0.42948731393852
10.680000000000	1.2624921397248	0.42966219594184
10.690000000000	1.2619934514857	0.42984486564819
10.700000000000	1.2615069967001	0.43003552550197
10.710000000000	1.2610327014038	0.43023437847915
10.720000000000	1.2605704896717	0.43044162809066
10.730000000000	1.2601202835888	0.43065747838524
10.740000000000	1.2596820032195	0.43088213395198
10.750000000000	1.2592555665770	0.43111579992232
10.760000000000	1.2588408895912	0.43135868197158
10.770000000000	1.2584378860773	0.43161098632004
10.780000000000	1.2580464677014	0.43187291973349
10.790000000000	1.2576665439478	0.43214468952320
10.800000000000	1.2572980220837	0.43242650354537
10.810000000000	1.2569408071241	0.43271857020002
10.820000000000	1.2565948017960	0.43302109842925
10.830000000000	1.2562599065011	0.43333429771486
10.840000000000	1.2559360192784	0.43365837807537
10.850000000000	1.2556230357662	0.43399355006234
10.860000000000	1.2553208491625	0.43434002475599
10.870000000000	1.2550293501854	0.43469801376011
10.880000000000	1.2547484270328	0.43506772919623
10.890000000000	1.2544779653404	0.43544938369703
10.900000000000	1.2542178481401	0.43584319039888
10.910000000000	1.2539679558168	0.43624936293366
10.920000000000	1.2537281660650	0.43666811541962
10.930000000000	1.2534983538441	0.43709966245149
10.940000000000	1.2532783913336	0.43754421908948
10.950000000000	1.2530681478868	0.43800200084758
10.960000000000	1.2528674899842	0.43847322368065
10.970000000000	1.2526762811863	0.43895810397071
10.980000000000	1.2524943820851	0.43945685851202
10.990000000000	1.2523216502553	0.43996970449524
11.000000000000	1.2521579402044	0.44049685949038
11.010000000000	1.2520031033227	0.44103854142866
11.020000000000	1.2518569878318	0.44159496858321
11.030000000000	1.2517194387326	0.44216635954852
11.040000000000	1.2515902977531	0.44275293321870
11.050000000000	1.2514694032948	0.44335490876440
11.060000000000	1.2513565903787	0.44397250560850
11.070000000000	1.2512516905905	0.44460594340033
11.080000000000	1.2511545320254	0.44525544198860
11.090000000000	1.2510649392321	0.44592122139284
11.100000000000	1.2509827331557	0.44660350177336
11.110000000000	1.2509077310805	0.44730250339974
11.120000000000	1.2508397465722	0.44801844661774
11.130000000000	1.2507785894191	0.44875155181455
11.140000000000	1.2507240655728	0.44950203938251
11.150000000000	1.2506759770887	0.45027012968104
11.160000000000	1.2506341220653	0.45105604299691
11.170000000000	1.2505982945837	0.45185999950269
11.180000000000	1.2505682846458	0.45268221921338
11.190000000000	1.2505438781129	0.45352292194118
11.200000000000	1.2505248566428	0.45438232724836
11.210000000000	1.2505109976275	0.45526065439811
11.220000000000	1.2505020741298	0.45615812230345
11.230000000000	1.2504978548198	0.45707494947400
11.240000000000	1.2504981039107	0.45801135396070
11.250000000000	1.2505025810950	0.45896755329833
11.260000000000	1.2505110414798	0.45994376444585
11.270000000000	1.2505232355219	0.46094020372441
11.280000000000	1.2505389089634	0.46195708675316
11.290000000000	1.2505578027659	0.46299462838253
11.300000000000	1.2505796530456	0.46405304262526
11.310000000000	1.2506041910084	0.46513254258486
11.320000000000	1.2506311428839	0.46623334038153
11.330000000000	1.2506602298609	0.46735564707558
11.340000000000	1.2506911680214	0.46849967258815
11.350000000000	1.2507236682763	0.46966562561930
11.360000000000	1.2507574363003	0.47085371356330
11.370000000000	1.2507921724672	0.47206414242118
11.380000000000	1.2508275717859	0.47329711671044
11.390000000000	1.2508633238364	0.47455283937182
11.400000000000	1.2508991127062	0.47583151167316
11.410000000000	1.2509346169281	0.47713333311025
11.420000000000	1.2509695094172	0.47845850130460
11.430000000000	1.2510034574098	0.47980721189817
11.440000000000	1.2510361224023	0.48117965844488
11.450000000000	1.2510671600916	0.48257603229892
11.460000000000	1.2510962203158	0.48399652249988
11.470000000000	1.2511229469963	0.48544131565448
11.480000000000	1.2511469780809	0.48691059581502
11.490000000000	1.2511679454883	0.48840454435440
11.500000000000	1.2511854750536	0.48992333983771
11.510000000000	1.2511991864755	0.49146715789035
11.520000000000	1.2512086932649	0.49303617106262
11.530000000000	1.2512136026954	0.49463054869073
11.540000000000	1.2512135157549	0.49625045675421
11.550000000000	1.2512080271001	0.49789605772971
11.560000000000	1.2511967250120	0.49956751044110
11.570000000000	1.2511791913541	0.50126496990587
11.580000000000	1.2511550015329	0.50298858717783
11.590000000000	1.2511237244605	0.50473850918600
11.600000000000	1.2510849225199	0.50651487856976
11.610000000000	1.2510381515330	0.50831783351016
11.620000000000	1.2509829607314	0.51014750755750
11.630000000000	1.2509188927302	0.51200402945494
11.640000000000	1.2508454835046	0.51388752295842
11.650000000000	1.2507622623708	0.51579810665260
11.660000000000	1.2506687519689	0.51773589376307
11.670000000000	1.2505644682508	0.51970099196466
11.680000000000	1.2504489204709	0.52169350318588
11.690000000000	1.2503216111815	0.52371352340963
11.700000000000	1.2501820362315	0.52576114247007
11.710000000000	1.2500296847705	0.52783644384563
11.720000000000	1.2498640392567	0.52993950444845
11.730000000000	1.2496845754694	0.53207039440993
11.740000000000	1.2494907625272	0.53422917686269
11.750000000000	1.2492820629101	0.53641590771895
11.760000000000	1.2490579324883	0.53863063544525
11.770000000000	1.2488178205552	0.54087340083374
11.780000000000	1.2485611698671	0.54314423677003
11.790000000000	1.2482874166882	0.54544316799762
11.800000000000	1.2479959908420	0.54777021087919
11.810000000000	1.2476863157688	0.55012537315457
11.820000000000	1.2473578085903	0.55250865369577
11.830000000000	1.2470098801803	0.55492004225897
11.840000000000	1.2466419352429	0.55735951923372
11.850000000000	1.2462533723977	0.55982705538943
11.860000000000	1.2458435842723	0.56232261161925
11.870000000000	1.2454119576030	0.56484613868165
11.880000000000	1.2449578733427	0.56739757693965
11.890000000000	1.2444807067772	0.56997685609801
11.900000000000	1.2439798276504	0.57258389493858
11.910000000000	1.2434546002969	0.57521860105385
11.920000000000	1.2429043837842	0.57788087057912
11.930000000000	1.2423285320640	0.58057058792339
11.940000000000	1.2417263941321	0.58328762549912
11.950000000000	1.2410973141982	0.58603184345131
11.960000000000	1.2404406318650	0.58880308938602
11.970000000000	1.2397556823178	0.59160119809858
11.980000000000	1.2390417965231	0.59442599130187
11.990000000000	1.2382983014386	0.59727727735489
12.000000000000	1.2375245202329	0.60015485099195
12.010000000000	1.2367197725159	0.60305849305286
12.020000000000	1.2358833745805	0.60598797021431
12.030000000000	1.2350146396546	0.60894303472296
12.040000000000	1.2341128781651	0.61192342413052
12.050000000000	1.2331773980122	0.61492886103117
12.060000000000	1.2322075048560	0.61795905280177
12.070000000000	1.2312025024143	0.62101369134526
12.080000000000	1.2301616927723	0.62409245283761
12.090000000000	1.2290843767040	0.62719499747886
12.100000000000	1.2279698540057	0.63032096924856
12.110000000000	1.2268174238410	0.63346999566618
12.120000000000	1.2256263850989	0.63664168755691
12.130000000000	1.2243960367629	0.63983563882339
12.140000000000	1.2231256782932	0.64305142622375
12.150000000000	1.2218146100204	0.64628860915660
12.160000000000	1.2204621335524	0.64954672945344
12.170000000000	1.2190675521919	0.65282531117899
12.180000000000	1.2176301713678	0.65612386043999
12.190000000000	1.2161492990777	0.65944186520315
12.200000000000	1.2146242463425	0.66277879512255
12.210000000000	1.2130543276730	0.66613410137735
12.220000000000	1.2114388615489	0.66950721652017
12.230000000000	1.2097771709084	0.67289755433689
12.240000000000	1.2080685836497	0.67630450971825
12.250000000000	1.2063124331446	0.67972745854413
12.260000000000	1.2045080587617	0.68316575758083
12.270000000000	1.2026548064014	0.68661874439219
12.280000000000	1.2007520290411	0.69008573726492
12.290000000000	1.1987990872907	0.69356603514900
12.300000000000	1.1967953499575	0.69705891761352
12.310000000000	1.1947401946215	0.70056364481875
12.320000000000	1.1926330082187	0.70407945750490
12.330000000000	1.1904731876339	0.70760557699821
12.340000000000	1.1882601403007	0.71114120523509
12.350000000000	1.1859932848106	0.71468552480459
12.360000000000	1.1836720515277	0.71823769901011
12.370000000000	1.1812958832107	0.72179687195063
12.380000000000	1.1788642356412	0.72536216862221
12.390000000000	1.1763765782564	0.72893269504015
12.400000000000	1.1738323947872	0.73250753838242
12.410000000000	1.1712311839001	0.73608576715476
12.420000000000	1.1685724598419	0.73966643137802
12.430000000000	1.1658557530876	0.74324856279814
12.440000000000	1.1630806109891	0.74683117511921
12.450000000000	1.1602465984256	0.75041326425996
12.460000000000	1.1573532984531	0.75399380863420
12.470000000000	1.1544003129538	0.75757176945533
12.480000000000	1.1513872632832	0.76114609106543
12.490000000000	1.1483137909144	0.76471570128911
12.500000000000	1.1451795580786	0.76827951181235
12.510000000000	1.1419842484015	0.77183641858657
12.520000000000	1.1387275675326	0.77538530225809
12.530000000000	1.1354092437694	0.77892502862300
12.540000000000	1.1320290286720	0.78245444910771
12.550000000000	1.1285866976702	0.78597240127502
12.560000000000	1.1250820506591	0.78947770935571
12.570000000000	1.1215149125848	0.79296918480577
12.580000000000	1.1178851340172	0.79644562688887
12.590000000000	1.1141925917090	0.79990582328414
12.600000000000	1.1104371891406	0.80334855071887
12.610000000000	1.1066188570492	0.80677257562594
12.620000000000	1.1027375539409	0.81017665482564
12.630000000000	1.0987932665844	0.81355953623142
12.640000000000	1.0947860104858	0.81691995957923
12.650000000000	1.0907158303433	0.82025665717981
12.660000000000	1.0865828004795	0.82356835469350
12.670000000000	1.0823870252522	0.82685377192685
12.680000000000	1.0781286394406	0.83011162365041
12.690000000000	1.0738078086065	0.83334062043683
12.700000000000	1.0694247294310	0.83653946951872
