freq	Re	Im
2.7000000000000	16.019509647203	28.342219250330
2.7100000000000	15.645747850905	28.291943986540
2.7200000000000	15.276548454640	28.231163823103
2.7300000000000	14.912325228375	28.160235437077
2.7400000000000	14.553462284117	28.079533001926
2.7500000000000	14.200313541560	27.989445529015
2.7600000000000	13.853202447584	27.890374247800
2.7700000000000	13.512421935617	27.782730049334
2.7800000000000	13.178234608673	27.666931014865
2.7900000000000	12.850873128135	27.543400048466
2.8000000000000	12.530540789094	27.412562629627
2.8100000000000	12.217412262225	27.274844698772
2.8200000000000	11.911634481805	27.130670685814
2.8300000000000	11.613327659429	26.980461689038
2.8400000000000	11.322586403315	26.824633809059
2.8500000000000	11.039480923709	26.663596640156
2.8600000000000	10.764058305725	26.497751919132
2.8700000000000	10.496343832046	26.327492329918
2.8800000000000	10.236342339080	26.153200460427
2.8900000000000	9.9840395915197	25.975247906748
2.9000000000000	9.7394036616145	25.793994518573
2.9100000000000	9.5023863009017	25.609787778764
2.9200000000000	9.2729242935724	25.422962309275
2.9300000000000	9.0509407820547	25.233839495043
2.9400000000000	8.8363465567636	25.042727217177
2.9500000000000	8.6290413032712	24.849919686535
2.9600000000000	8.4289148013812	24.655697368773
2.9700000000000	8.2358480717354	24.460326992012
2.9800000000000	8.0497144666341	24.264061628485
2.9900000000000	7.8703807027070	24.067140841779
3.0000000000000	7.6977078339347	23.869790891661
3.0100000000000	7.5315521642805	23.672224988854
3.0200000000000	7.3717660998650	23.474643592604
3.0300000000000	7.2181989411933	23.277234744325
3.0400000000000	7.0706976164398	23.080174431095
3.0500000000000	6.9291073572093	22.883626973306
3.0600000000000	6.7932723185339	22.687745431203
3.0700000000000	6.6630361451399	22.492672025585
3.0800000000000	6.5382424862289	22.298538568384
3.0900000000000	6.4187354611783	22.105466899284
3.1000000000000	6.3043600786747	21.913569324986
3.1100000000000	6.1949626118621	21.722949058134
3.1200000000000	6.0903909321190	21.533700653264
3.1300000000000	5.9904948040767	21.345910437537
3.1400000000000	5.8951261444662	21.159656934307
3.1500000000000	5.8041392473330	20.975011277891
3.1600000000000	5.7173909780913	20.792037618183
3.1700000000000	5.6347409388094	20.610793513986
3.1800000000000	5.5560516070267	20.431330314181
3.1900000000000	5.4811884503012	20.253693526035
3.2000000000000	5.4100200185812	20.077923170137
3.2100000000000	5.3424180163846	19.904054121599
3.2200000000000	5.2782573566574	19.732116437319
3.2300000000000	5.2174161980702	19.562135669192
3.2400000000000	5.1597759674003	19.394133163288
3.2500000000000	5.1052213685366	19.228126345100
3.2600000000000	5.0536403795385	19.064128991018
3.2700000000000	5.0049242390756	18.902151486287
3.2800000000000	4.9589674234740	18.742201069740
3.2900000000000	4.9156676155025	18.584282065628
3.3000000000000	4.8749256659374	18.428396102940
3.3100000000000	4.8366455488614	18.274542322595
3.3200000000000	4.8007343115684	18.122717572937
3.3300000000000	4.7671020198701	17.972916593966
3.3400000000000	4.7356616995297	17.825132190749
3.3500000000000	4.7063292744771	17.679355396456
3.3600000000000	4.6790235024028	17.535575625481
3.3700000000000	4.6536659082639	17.393780817098
3.3800000000000	4.6301807161861	17.253957570077
3.3900000000000	4.6084947801927	17.116091268732
3.4000000000000	4.5885375141475	16.980166200792
3.4100000000000	4.5702408212559	16.846165667543
3.4200000000000	4.5535390234281	16.714072086630
3.4300000000000	4.5383687907744	16.583867087915
3.4400000000000	4.5246690714710	16.455531602780
3.4500000000000	4.5123810222009	16.329045947228
3.4600000000000	4.5014479393524	16.204389899145
3.4700000000000	4.4918151911308	16.081542770050
3.4800000000000	4.4834301507156	15.960483471667
3.4900000000000	4.4762421305778	15.841190577615
3.5000000000000	4.4702023180524	15.723642380518
3.5100000000000	4.4652637122451	15.607816944813
3.5200000000000	4.4613810623375	15.493692155517
3.5300000000000	4.4585108073422	15.381245763211
3.5400000000000	4.4566110173467	15.270455425481
3.5500000000000	4.4556413362764	15.161298745031
3.5600000000000	4.4555629261949	15.053753304700
3.5700000000000	4.4563384131543	14.947796699568
3.5800000000000	4.4579318345993	14.843406566353
3.5900000000000	4.4603085883226	14.740560610276
3.6000000000000	4.4634353829657	14.639236629563
3.6100000000000	4.4672801900491	14.539412537742
3.6200000000000	4.4718121975196	14.441066383891
3.6300000000000	4.4770017647902	14.344176370977
3.6400000000000	4.4828203792526	14.248720872406
3.6500000000000	4.4892406142332	14.154678446934
3.6600000000000	4.4962360883675	14.062027852034
3.6700000000000	4.5037814263601	13.970748055833
3.6800000000000	4.5118522211010	13.880818247733
3.6900000000000	4.5204249971042	13.792217847801
3.7000000000000	4.5294771752360	13.704926515020
3.7100000000000	4.5389870386989	13.618924154490
3.7200000000000	4.5489337002356	13.534190923655
3.7300000000000	4.5592970705200	13.450707237627
3.7400000000000	4.5700578276989	13.368453773683
3.7500000000000	4.5811973880509	13.287411474993
3.7600000000000	4.5926978777268	13.207561553642
3.7700000000000	4.6045421055386	13.128885493002
3.7800000000000	4.6167135367622	13.051365049505
3.7900000000000	4.6291962679210	12.974982253868
3.8000000000000	4.6419750025181	12.899719411813
3.8100000000000	4.6550350276834	12.825559104328
3.8200000000000	4.6683621917062	12.752484187500
3.8300000000000	4.6819428824209	12.680477791974
3.8400000000000	4.6957640064163	12.609523322046
3.8500000000000	4.7098129690397	12.539604454451
3.8600000000000	4.7240776551655	12.470705136849
3.8700000000000	4.7385464107035	12.402809586058
3.8800000000000	4.7532080248159	12.335902286044
3.8900000000000	4.7680517128215	12.269967985699
3.9000000000000	4.7830670997569	12.204991696428
3.9100000000000	4.7982442045739	12.140958689564
3.9200000000000	4.8135734249473	12.077854493630
3.9300000000000	4.8290455226699	12.015664891468
3.9400000000000	4.8446516096141	11.954375917244
3.9500000000000	4.8603831342359	11.893973853357
3.9600000000000	4.8762318686034	11.834445227246
3.9700000000000	4.8921898959270	11.775776808130
3.9800000000000	4.9082495985739	11.717955603675
3.9900000000000	4.9244036465469	11.660968856609
4.0000000000000	4.9406449864107	11.604804041289
4.0100000000000	4.9569668306464	11.549448860235
4.0200000000000	4.9733626474199	11.494891240630
4.0300000000000	4.9898261507458	11.441119330808
4.0400000000000	5.0063512910329	11.388121496721
4.0500000000000	5.0229322459956	11.335886318404
4.0600000000000	5.0395634119165	11.284402586437
4.0700000000000	5.0562393952474	11.233659298410
4.0800000000000	5.0729550045345	11.183645655405
4.0900000000000	5.0897052426556	11.134351058478
4.1000000000000	5.1064852993562	11.085765105172
4.1100000000000	5.1232905440735	11.037877586048
4.1200000000000	5.1401165190370	10.990678481233
4.1300000000000	5.1569589326339	10.944157957007
4.1400000000000	5.1738136530292	10.898306362413
4.1500000000000	5.1906767020312	10.853114225903
4.1600000000000	5.2075442491918	10.808572252019
4.1700000000000	5.2244126061323	10.764671318107
4.1800000000000	5.2412782210867	10.721402471076
4.1900000000000	5.2581376736524	10.678756924191
4.2000000000000	5.2749876697420	10.636726053911
4.2100000000000	5.2918250367266	10.595301396766
4.2200000000000	5.3086467187637	10.554474646281
4.2300000000000	5.3254497723029	10.514237649940
4.2400000000000	5.3422313617615	10.474582406200
4.2500000000000	5.3589887553638	10.435501061542
4.2600000000000	5.3757193211374	10.396985907577
4.2700000000000	5.3924205230613	10.359029378190
4.2800000000000	5.4090899173580	10.321624046732
4.2900000000000	5.4257251489256	10.284762623263
4.3000000000000	5.4423239479036	10.248437951835
4.3100000000000	5.4588841263678	10.212643007821
4.3200000000000	5.4754035751481	10.177370895296
4.3300000000000	5.4918802607657	10.142614844457
4.3400000000000	5.5083122224843	10.108368209093
4.3500000000000	5.5246975694708	10.074624464097
4.3600000000000	5.5410344780621	10.041377203023
4.3700000000000	5.5573211891325	10.008620135693
4.3800000000000	5.5735560055588	9.9763470858387
4.3900000000000	5.5897372897795	9.9445519887949
4.4000000000000	5.6058634614432	9.9132288892314
4.4100000000000	5.6219329951446	9.8823719389288
4.4200000000000	5.6379444182425	9.8519753945970
4.4300000000000	5.6538963087588	9.8220336157338
4.4400000000000	5.6697872933542	9.7925410625257
4.4500000000000	5.6856160453776	9.7634922937877
4.4600000000000	5.7013812829869	9.7348819649444
4.4700000000000	5.7170817673381	9.7067048260488
4.4800000000000	5.7327163008405	9.6789557198401
4.4900000000000	5.7482837254753	9.6516295798397
4.5000000000000	5.7637829211742	9.6247214284841
4.5100000000000	5.7792128042579	9.5982263752940
4.5200000000000	5.7945723259301	9.5721396150803
4.5300000000000	5.8098604708261	9.5464564261846
4.5400000000000	5.8250762556137	9.5211721687548
4.5500000000000	5.8402187276443	9.4962822830545
4.5600000000000	5.8552869636517	9.4717822878060
4.5700000000000	5.8702800684990	9.4476677785659
4.5800000000000	5.8851971739689	9.4239344261328
4.5900000000000	5.9000374375975	9.4005779749870
4.6000000000000	5.9148000415503	9.3775942417603
4.6100000000000	5.9294841915376	9.3549791137365
4.6200000000000	5.9440891157684	9.3327285473817
4.6300000000000	5.9586140639418	9.3108385669032
4.6400000000000	5.9730583062740	9.2893052628375
4.6500000000000	5.9874211325597	9.2681247906652
4.6600000000000	6.0017018512667	9.2472933694541
4.6700000000000	6.0158997886628	9.2268072805287
4.6800000000000	6.0300142879726	9.2066628661653
4.6900000000000	6.0440447085656	9.1868565283136
4.7000000000000	6.0579904251713	9.1673847273425
4.7100000000000	6.0718508271228	9.1482439808106
4.7200000000000	6.0856253176270	9.1294308622612
4.7300000000000	6.0993133130605	9.1109420000397
4.7400000000000	6.1129142422896	9.0927740761344
4.7500000000000	6.1264275460152	9.0749238250402
4.7600000000000	6.1398526761402	9.0573880326430
4.7700000000000	6.1531890951590	9.0401635351265
4.7800000000000	6.1664362755688	9.0232472178995
4.7900000000000	6.1795936993017	9.0066360145435
4.8000000000000	6.1926608571765	8.9903269057802
4.8100000000000	6.2056372483699	8.9743169184595
4.8200000000000	6.2185223799065	8.9586031245648
4.8300000000000	6.2313157661670	8.9431826402384
4.8400000000000	6.2440169284130	8.9280526248246
4.8500000000000	6.2566253943300	8.9132102799303
4.8600000000000	6.2691406975851	8.8986528485031
4.8700000000000	6.2815623774020	8.8843776139269
4.8800000000000	6.2938899781499	8.8703818991330
4.8900000000000	6.3061230489480	8.8566630657284
4.9000000000000	6.3182611432836	8.8432185131390
4.9100000000000	6.3303038186448	8.8300456777691
4.9200000000000	6.3422506361658	8.8171420321751
4.9300000000000	6.3541011602850	8.8045050842544
4.9400000000000	6.3658549584167	8.7921323764487
4.9500000000000	6.3775116006340	8.7800214849607
4.9600000000000	6.3890706593632	8.7681700189856
4.9700000000000	6.4005317090907	8.7565756199545
4.9800000000000	6.4118943260803	8.7452359607921
4.9900000000000	6.4231580881005	8.7341487451864
5.0000000000000	6.4343225741641	8.7233117068713
5.0100000000000	6.4453873642759	8.7127226089208
5.0200000000000	6.4563520391913	8.7023792430551
5.0300000000000	6.4672161801843	8.6922794289593
5.0400000000000	6.4779793688248	8.6824210136115
5.0500000000000	6.4886411867645	8.6728018706237
5.0600000000000	6.4992012155318	8.6634198995925
5.0700000000000	6.5096590363356	8.6542730254604
5.0800000000000	6.5200142298770	8.6453591978876
5.0900000000000	6.5302663761689	8.6366763906335
5.1000000000000	6.5404150543640	8.6282226009485
5.1100000000000	6.5504598425900	8.6199958489744
5.1200000000000	6.5604003177928	8.6119941771552
5.1300000000000	6.5702360555865	8.6042156496564
5.1400000000000	6.5799666301110	8.5966583517930
5.1500000000000	6.5895916138960	8.5893203894668
5.1600000000000	6.5991105777325	8.5821998886115
5.1700000000000	6.6085230905505	8.5752949946469
5.1800000000000	6.6178287193033	8.5686038719401
5.1900000000000	6.6270270288584	8.5621247032757
5.2000000000000	6.6361175818942	8.5558556893329
5.2100000000000	6.6450999388035	8.5497950481708
5.2200000000000	6.6539736576025	8.5439410147206
5.2300000000000	6.6627382938455	8.5382918402853
5.2400000000000	6.6713934005464	8.5328457920460
5.2500000000000	6.6799385281045	8.5276011525760
5.2600000000000	6.6883732242371	8.5225562193608
5.2700000000000	6.6966970339170	8.5177093043251
5.2800000000000	6.7049094993152	8.5130587333660
5.2900000000000	6.7130101597496	8.5086028458931
5.3000000000000	6.7209985516386	8.5043399943741
5.3100000000000	6.7288742084596	8.5002685438870
5.3200000000000	6.7366366607129	8.4963868716780
5.3300000000000	6.7442854358909	8.4926933667252
5.3400000000000	6.7518200584516	8.4891864293083
5.3500000000000	6.7592400497976	8.4858644705834
5.3600000000000	6.7665449282596	8.4827259121642
5.3700000000000	6.7737342090849	8.4797691857073
5.3800000000000	6.7808074044307	8.4769927325044
5.3900000000000	6.7877640233618	8.4743950030778
5.4000000000000	6.7946035718533	8.4719744567833
5.4100000000000	6.8013255527978	8.4697295614159
5.4200000000000	6.8079294660169	8.4676587928220
5.4300000000000	6.8144148082778	8.4657606345158
5.4400000000000	6.8207810733142	8.4640335773009
5.4500000000000	6.8270277518512	8.4624761188961
5.4600000000000	6.8331543316352	8.4610867635663
5.4700000000000	6.8391602974684	8.4598640217580
5.4800000000000	6.8450451312470	8.4588064097390
5.4900000000000	6.8508083120042	8.4579124492433
5.5000000000000	6.8564493159576	8.4571806671192
5.5100000000000	6.8619676165607	8.4566095949835
5.5200000000000	6.8673626845590	8.4561977688782
5.5300000000000	6.8726339880502	8.4559437289332
5.5400000000000	6.8777809925485	8.4558460190320
5.5500000000000	6.8828031610536	8.4559031864822
5.5600000000000	6.8876999541237	8.4561137816905
5.5700000000000	6.8924708299527	8.4564763578410
5.5800000000000	6.8971152444516	8.4569894705782
5.5900000000000	6.9016326513345	8.4576516776946
5.6000000000000	6.9060225022081	8.4584615388213
5.6100000000000	6.9102842466661	8.4594176151235
5.6200000000000	6.9144173323874	8.4605184690000
5.6300000000000	6.9184212052385	8.4617626637864
5.6400000000000	6.9222953093800	8.4631487634626
5.6500000000000	6.9260390873777	8.4646753323647
5.6600000000000	6.9296519803174	8.4663409349002
5.6700000000000	6.9331334279237	8.4681441352679
5.6800000000000	6.9364828686835	8.4700834971817
5.6900000000000	6.9396997399732	8.4721575835982
5.7000000000000	6.9427834781904	8.4743649564490
5.7100000000000	6.9457335188889	8.4767041763764
5.7200000000000	6.9485492969190	8.4791738024736
5.7300000000000	6.9512302465707	8.4817723920294
5.7400000000000	6.9537758017218	8.4844985002760
5.7500000000000	6.9561853959899	8.4873506801421
5.7600000000000	6.9584584628881	8.4903274820098
5.7700000000000	6.9605944359850	8.4934274534752
5.7800000000000	6.9625927490689	8.4966491391146
5.7900000000000	6.9644528363160	8.4999910802535
5.8000000000000	6.9661741324620	8.5034518147408
5.8100000000000	6.9677560729784	8.5070298767277
5.8200000000000	6.9691980942529	8.5107237964501
5.8300000000000	6.9704996337725	8.5145321000159
5.8400000000000	6.9716601303124	8.5184533091975
5.8500000000000	6.9726790241271	8.5224859412275
5.8600000000000	6.9735557571464	8.5266285086002
5.8700000000000	6.9742897731751	8.5308795188776
5.8800000000000	6.9748805180963	8.5352374744992
5.8900000000000	6.9753274400785	8.5397008725980
5.9000000000000	6.9756299897871	8.5442682048202
5.9100000000000	6.9757876205985	8.5489379571504
5.9200000000000	6.9757997888193	8.5537086097416
5.9300000000000	6.9756659539079	8.5585786367504
5.9400000000000	6.9753855787008	8.5635465061767
5.9500000000000	6.9749581296416	8.5686106797099
5.9600000000000	6.9743830770146	8.5737696125784
5.9700000000000	6.9736598951806	8.5790217534064
5.9800000000000	6.9727880628174	8.5843655440746
5.9900000000000	6.9717670631631	8.5897994195873
6.0000000000000	6.9705963842627	8.5953218079444
6.0100000000000	6.9692755192185	8.6009311300193
6.0200000000000	6.9678039664434	8.6066257994424
6.0300000000000	6.9661812299171	8.6124042224906
6.0400000000000	6.9644068194464	8.6182647979823
6.0500000000000	6.9624802509273	8.6242059171782
6.0600000000000	6.9604010466114	8.6302259636888
6.0700000000000	6.9581687353741	8.6363233133872
6.0800000000000	6.9557828529865	8.6424963343283
6.0900000000000	6.9532429423894	8.6487433866745
6.1000000000000	6.9505485539704	8.6550628226274
6.1100000000000	6.9476992458439	8.6614529863661
6.1200000000000	6.9446945841326	8.6679122139914
6.1300000000000	6.9415341432524	8.6744388334779
6.1400000000000	6.9382175061995	8.6810311646308
6.1500000000000	6.9347442648393	8.6876875190515
6.1600000000000	6.9311140201973	8.6944062001081
6.1700000000000	6.9273263827533	8.7011855029141
6.1800000000000	6.9233809727359	8.7080237143135
6.1900000000000	6.9192774204196	8.7149191128731
6.2000000000000	6.9150153664240	8.7218699688815
6.2100000000000	6.9105944620134	8.7288745443558
6.2200000000000	6.9060143693991	8.7359310930554
6.2300000000000	6.9012747620424	8.7430378605029
6.2400000000000	6.8963753249586	8.7501930840126
6.2500000000000	6.8913157550226	8.7573949927264
6.2600000000000	6.8860957612750	8.7646418076575
6.2700000000000	6.8807150652292	8.7719317417407
6.2800000000000	6.8751734011793	8.7792629998922
6.2900000000000	6.8694705165077	8.7866337790748
6.3000000000000	6.8636061719945	8.7940422683730
6.3100000000000	6.8575801421253	8.8014866490745
6.3200000000000	6.8513922154007	8.8089650947605
6.3300000000000	6.8450421946444	8.8164757714029
6.3400000000000	6.8385298973117	8.8240168374708
6.3500000000000	6.8318551557976	8.8315864440438
6.3600000000000	6.8250178177436	8.8391827349341
6.3700000000000	6.8180177463443	8.8468038468165
6.3800000000000	6.8108548206531	8.8544479093667
6.3900000000000	6.8035289358860	8.8621130454070
6.4000000000000	6.7960400037248	8.8697973710615
6.4100000000000	6.7883879526184	8.8774989959181
6.4200000000000	6.7805727280826	8.8852160232002
6.4300000000000	6.7725942929974	8.8929465499450
6.4400000000000	6.7644526279034	8.9006886671916
6.4500000000000	6.7561477312942	8.9084404601763
6.4600000000000	6.7476796199081	8.9162000085365
6.4700000000000	6.7390483290154	8.9239653865232
6.4800000000000	6.7302539127042	8.9317346632210
6.4900000000000	6.7212964441623	8.9395059027770
6.5000000000000	6.7121760159555	8.9472771646374
6.5100000000000	6.7028927403037	8.9550465037928
6.5200000000000	6.6934467493516	8.9628119710312
6.5300000000000	6.6838381954364	8.9705716131989
6.5400000000000	6.6740672513513	8.9783234734706
6.5500000000000	6.6641341106043	8.9860655916260
6.5600000000000	6.6540389876728	8.9937960043354
6.5700000000000	6.6437821182525	9.0015127454527
6.5800000000000	6.6333637595027	9.0092138463168
6.5900000000000	6.6227841902850	9.0168973360601
6.6000000000000	6.6120437113971	9.0245612419246
6.6100000000000	6.6011426458013	9.0322035895867
6.6200000000000	6.5900813388459	9.0398224034880
6.6300000000000	6.5788601584822	9.0474157071747
6.6400000000000	6.5674794954735	9.0549815236437
6.6500000000000	6.5559397635985	9.0625178756957
6.6600000000000	6.5442413998479	9.0700227862962
6.6700000000000	6.5323848646133	9.0774942789424
6.6800000000000	6.5203706418701	9.0849303780375
6.6900000000000	6.5081992393518	9.0923291092720
6.7000000000000	6.4958711887174	9.0996885000102
6.7100000000000	6.4833870457109	9.1070065796849
6.7200000000000	6.4707473903127	9.1142813801966
6.7300000000000	6.4579528268824	9.1215109363197
6.7400000000000	6.4450039842941	9.1286932861146
6.7500000000000	6.4319015160624	9.1358264713449
6.7600000000000	6.4186461004593	9.1429085379004
6.7700000000000	6.4052384406233	9.1499375362257
6.7800000000000	6.3916792646582	9.1569115217532
6.7900000000000	6.3779693257230	9.1638285553420
6.8000000000000	6.3641094021122	9.1706867037203
6.8100000000000	6.3501002973267	9.1774840399332
6.8200000000000	6.3359428401344	9.1842186437945
6.8300000000000	6.3216378846211	9.1908886023423
6.8400000000000	6.3071863102308	9.1974920102982
6.8500000000000	6.2925890217967	9.2040269705309
6.8600000000000	6.2778469495604	9.2104915945221
6.8700000000000	6.2629610491814	9.2168840028360
6.8800000000000	6.2479323017358	9.2232023255914
6.8900000000000	6.2327617137037	9.2294447029361
6.9000000000000	6.2174503169461	9.2356092855241
6.9100000000000	6.2019991686705	9.2416942349941
6.9200000000000	6.1864093513857	9.2476977244501
6.9300000000000	6.1706819728442	9.2536179389432
6.9400000000000	6.1548181659752	9.2594530759547
6.9500000000000	6.1388190888040	9.2652013458797
6.9600000000000	6.1226859243614	9.2708609725115
6.9700000000000	6.1064198805811	9.2764301935264
6.9800000000000	6.0900221901852	9.2819072609673
6.9900000000000	6.0734941105585	9.2872904417290
7.0000000000000	6.0568369236105	9.2925780180402
7.0100000000000	6.0400519356263	9.2977682879468
7.0200000000000	6.0231404771053	9.3028595657927
7.0300000000000	6.0061039025885	9.3078501826988
7.0400000000000	5.9889435904734	9.3127384870406
7.0500000000000	5.9716609428181	9.3175228449238
7.0600000000000	5.9542573851325	9.3222016406560
7.0700000000000	5.9367343661589	9.3267732772168
7.0800000000000	5.9190933576402	9.3312361767243
7.0900000000000	5.9013358540766	9.3355887808975
7.1000000000000	5.8834633724710	9.3398295515157
7.1100000000000	5.8654774520627	9.3439569708728
7.1200000000000	5.8473796540494	9.3479695422279
7.1300000000000	5.8291715612981	9.3518657902503
7.1400000000000	5.8108547780453	9.3556442614603
7.1500000000000	5.7924309295849	9.3593035246632
7.1600000000000	5.7739016619456	9.3628421713790
7.1700000000000	5.7552686415582	9.3662588162648
7.1800000000000	5.7365335549103	9.3695520975316
7.1900000000000	5.7176981081925	9.3727206773539
7.2000000000000	5.6987640269322	9.3757632422726
7.2100000000000	5.6797330556183	9.3786785035905
7.2200000000000	5.6606069573154	9.3814651977599
7.2300000000000	5.6413875132678	9.3841220867631
7.2400000000000	5.6220765224940	9.3866479584842
7.2500000000000	5.6026758013718	9.3890416270719
7.2600000000000	5.5831871832133	9.3913019332950
7.2700000000000	5.5636125178317	9.3934277448878
7.2800000000000	5.5439536710982	9.3954179568866
7.2900000000000	5.5242125244911	9.3972714919565
7.3000000000000	5.5043909746357	9.3989873007091
7.3100000000000	5.4844909328366	9.4005643620095
7.3200000000000	5.4645143246016	9.4020016832736
7.3300000000000	5.4444630891581	9.4032983007545
7.3400000000000	5.4243391789619	9.4044532798186
7.3500000000000	5.4041445591996	9.4054657152108
7.3600000000000	5.3838812072827	9.4063347313084
7.3700000000000	5.3635511123368	9.4070594823642
7.3800000000000	5.3431562746832	9.4076391527377
7.3900000000000	5.3226987053154	9.4080729571149
7.4000000000000	5.3021804253693	9.4083601407161
7.4100000000000	5.2816034655889	9.4084999794924
7.4200000000000	5.2609698657858	9.4084917803093
7.4300000000000	5.2402816742951	9.4083348811186
7.4400000000000	5.2195409474265	9.4080286511179
7.4500000000000	5.1987497489108	9.4075724908973
7.4600000000000	5.1779101493441	9.4069658325741
7.4700000000000	5.1570242256270	9.4062081399145
7.4800000000000	5.1360940604017	9.4052989084422
7.4900000000000	5.1151217414867	9.4042376655351
7.5000000000000	5.0941093613079	9.4030239705084
7.5100000000000	5.0730590163292	9.4016574146847
7.5200000000000	5.0519728064803	9.4001376214517
7.5300000000000	5.0308528345839	9.3984642463061
7.5400000000000	5.0097012057817	9.3966369768855
7.5500000000000	4.9885200269593	9.3946555329862
7.5600000000000	4.9673114061722	9.3925196665684
7.5700000000000	4.9460774520702	9.3902291617485
7.5800000000000	4.9248202733236	9.3877838347784
7.5900000000000	4.9035419780494	9.3851835340111
7.6000000000000	4.8822446732392	9.3824281398547
7.6100000000000	4.8609304641878	9.3795175647117
7.6200000000000	4.8396014539247	9.3764517529074
7.6300000000000	4.8182597426466	9.3732306806042
7.6400000000000	4.7969074271536	9.3698543557034
7.6500000000000	4.7755466002869	9.3663228177352
7.6600000000000	4.7541793503709	9.3626361377353
7.6700000000000	4.7328077606579	9.3587944181096
7.6800000000000	4.7114339087773	9.3547977924865
7.6900000000000	4.6900598661881	9.3506464255573
7.7000000000000	4.6686876976366	9.3463405129044
7.7100000000000	4.6473194606186	9.3418802808176
7.7200000000000	4.6259572048462	9.3372659860993
7.7300000000000	4.6046029717208	9.3324979158573
7.7400000000000	4.5832587938105	9.3275763872872
7.7500000000000	4.5619266943350	9.3225017474430
7.7600000000000	4.5406086866550	9.3172743729970
7.7700000000000	4.5193067737695	9.3118946699892
7.7800000000000	4.4980229478200	9.3063630735649
7.7900000000000	4.4767591895943	9.3006800477067
7.8000000000000	4.4555174680575	9.2948460849454
7.8100000000000	4.4342997398635	9.2888617060759
7.8200000000000	4.4131079488945	9.2827274598516
7.8300000000000	4.3919440257999	9.2764439226750
7.8400000000000	4.3708098875456	9.2700116982775
7.8500000000000	4.3497074369704	9.2634314173904
7.8600000000000	4.3286385623521	9.2567037374079
7.8700000000000	4.3076051369813	9.2498293420409
7.8800000000000	4.2866090187450	9.2428089409631
7.8900000000000	4.2656520497190	9.2356432694490
7.9000000000000	4.2447360557687	9.2283330880049
7.9100000000000	4.2238628461610	9.2208791819913
7.9200000000000	4.2030342131839	9.2132823612402
7.9300000000000	4.1822519317774	9.2055434596635
7.9400000000000	4.1615177591730	9.1976633348566
7.9500000000000	4.1408334345438	9.1896428676950
7.9600000000000	4.1202006786646	9.1814829619252
7.9700000000000	4.0996211935816	9.1731845437499
7.9800000000000	4.0790966622932	9.1647485614081
7.9900000000000	4.0586287484407	9.1561759847500
8.0000000000000	4.0382190960089	9.1474678048073
8.0100000000000	4.0178693290380	9.1386250333586
8.0200000000000	3.9975810513459	9.1296487024916
8.0300000000000	3.9773558462604	9.1205398641603
8.0400000000000	3.9571952763628	9.1112995897396
8.0500000000000	3.9371008832414	9.1019289695763
8.0600000000000	3.9170741872567	9.0924291125367
8.0700000000000	3.8971166873160	9.0828011455521
8.0800000000000	3.8772298606597	9.0730462131616
8.0900000000000	3.8574151626581	9.0631654770531
8.1000000000000	3.8376740266179	9.0531601156019
8.1100000000000	3.8180078636011	9.0430313234082
8.1200000000000	3.7984180622529	9.0327803108332
8.1300000000000	3.7789059886410	9.0224083035343
8.1400000000000	3.7594729861055	9.0119165419992
8.1500000000000	3.7401203751187	9.0013062810800
8.1600000000000	3.7208494531561	8.9905787895272
8.1700000000000	3.7016614945772	8.9797353495229
8.1800000000000	3.6825577505169	8.9687772562154
8.1900000000000	3.6635394487868	8.9577058172535
8.2000000000000	3.6446077937873	8.9465223523225
8.2100000000000	3.6257639664287	8.9352281926807
8.2200000000000	3.6070091240637	8.9238246806968
8.2300000000000	3.5883444004282	8.9123131693902
8.2400000000000	3.5697709055931	8.9006950219718
8.2500000000000	3.5512897259247	8.8889716113873
8.2600000000000	3.5329019240556	8.8771443198628
8.2700000000000	3.5146085388645	8.8652145384528
8.2800000000000	3.4964105854649	8.8531836665908
8.2900000000000	3.4783090552036	8.8410531116429
8.3000000000000	3.4603049156678	8.8288242884641
8.3100000000000	3.4423991107013	8.8164986189583
8.3200000000000	3.4245925604291	8.8040775316416
8.3300000000000	3.4068861612906	8.7915624612090
8.3400000000000	3.3892807860815	8.7789548481054
8.3500000000000	3.3717772840037	8.7662561381001
8.3600000000000	3.3543764807234	8.7534677818655
8.3700000000000	3.3370791784366	8.7405912345603
8.3800000000000	3.3198861559435	8.7276279554175
8.3900000000000	3.3027981687290	8.7145794073358
8.4000000000000	3.2858159490522	8.7014470564771
8.4100000000000	3.2689402060417	8.6882323718682
8.4200000000000	3.2521716257987	8.6749368250074
8.4300000000000	3.2355108715073	8.6615618894768
8.4400000000000	3.2189585835506	8.6481090405589
8.4500000000000	3.2025153796342	8.6345797548601
8.4600000000000	3.1861818549156	8.6209755099376
8.4700000000000	3.1699585821395	8.6072977839338
8.4800000000000	3.1538461117801	8.5935480552152
8.4900000000000	3.1378449721881	8.5797278020176
8.5000000000000	3.1219556697441	8.5658385020967
8.5100000000000	3.1061786890168	8.5518816323850
8.5200000000000	3.0905144929270	8.5378586686542
8.5300000000000	3.0749635229163	8.5237710851845
8.5400000000000	3.0595261991214	8.5096203544391
8.5500000000000	3.0442029205519	8.4954079467452
8.5600000000000	3.0289940652734	8.4811353299814
8.5700000000000	3.0138999905955	8.4668039692710
8.5800000000000	2.9989210332625	8.4524153266820
8.5900000000000	2.9840575096493	8.4379708609332
8.6000000000000	2.9693097159609	8.4234720271063
8.6100000000000	2.9546779284349	8.4089202763653
8.6200000000000	2.9401624035483	8.3943170556812
8.6300000000000	2.9257633782270	8.3796638075642
8.6400000000000	2.9114810700587	8.3649619698015
8.6500000000000	2.8973156775085	8.3502129752017
8.6600000000000	2.8832673801376	8.3354182513460
8.6700000000000	2.8693363388243	8.3205792203456
8.6800000000000	2.8555226959876	8.3056972986053
8.6900000000000	2.8418265758130	8.2907738965941
8.7000000000000	2.8282480844806	8.2758104186214
8.7100000000000	2.8147873103948	8.2608082626204
8.7200000000000	2.8014443244160	8.2457688199370
8.7300000000000	2.7882191800942	8.2306934751261
8.7400000000000	2.7751119139037	8.2155836057533
8.7500000000000	2.7621225454790	8.2004405822031
8.7600000000000	2.7492510778528	8.1852657674935
8.7700000000000	2.7364974976939	8.1700605170968
8.7800000000000	2.7238617755467	8.1548261787666
8.7900000000000	2.7113438660715	8.1395640923702
8.8000000000000	2.6989437082850	8.1242755897286
8.8100000000000	2.6866612258018	8.1089619944605
8.8200000000000	2.6744963270759	8.0936246218341
8.8300000000000	2.6624489056424	8.0782647786238
8.8400000000000	2.6505188403601	8.0628837629728
8.8500000000000	2.6387059956530	8.0474828642621
8.8600000000000	2.6270102217520	8.0320633629842
8.8700000000000	2.6154313549373	8.0166265306235
8.8800000000000	2.6039692177791	8.0011736295417
8.8900000000000	2.5926236193785	7.9857059128689
8.9000000000000	2.5813943556082	7.9702246244003
8.9100000000000	2.5702812093514	7.9547309984977
8.9200000000000	2.5592839507415	7.9392262599973
8.9300000000000	2.5484023373991	7.9237116241217
8.9400000000000	2.5376361146700	7.9081882963982
8.9500000000000	2.5269850158603	7.8926574725806
8.9600000000000	2.5164487624716	7.8771203385780
8.9700000000000	2.5060270644348	7.8615780703869
8.9800000000000	2.4957196203416	7.8460318340289
8.9900000000000	2.4855261176759	7.8304827854932
9.0000000000000	2.4754462330432	7.8149320706834
9.0100000000000	2.4654796323980	7.7993808253694
9.0200000000000	2.4556259712703	7.7838301751436
9.0300000000000	2.4458848949897	7.7682812353812
9.0400000000000	2.4362560389086	7.7527351112058
9.0500000000000	2.4267390286226	7.7371928974582
9.0600000000000	2.4173334801899	7.7216556786703
9.0700000000000	2.4080390003477	7.7061245290424
9.0800000000000	2.3988551867280	7.6906005124253
9.0900000000000	2.3897816280697	7.6750846823053
9.1000000000000	2.3808179044300	7.6595780817942
9.1100000000000	2.3719635873929	7.6440817436226
9.1200000000000	2.3632182402754	7.6285966901364
9.1300000000000	2.3545814183321	7.6131239332978
9.1400000000000	2.3460526689565	7.5976644746892
9.1500000000000	2.3376315318809	7.5822193055208
9.1600000000000	2.3293175393735	7.5667894066418
9.1700000000000	2.3211102164328	7.5513757485542
9.1800000000000	2.3130090809804	7.5359792914302
9.1900000000000	2.3050136440501	7.5206009851331
9.2000000000000	2.2971234099757	7.5052417692407
9.2100000000000	2.2893378765753	7.4899025730715
9.2200000000000	2.2816565353337	7.4745843157146
9.2300000000000	2.2740788715817	7.4592879060615
9.2400000000000	2.2666043646735	7.4440142428411
9.2500000000000	2.2592324881602	7.4287642146573
9.2600000000000	2.2519627099620	7.4135387000290
9.2700000000000	2.2447944925372	7.3983385674329
9.2800000000000	2.2377272930480	7.3831646753479
9.2900000000000	2.2307605635244	7.3680178723033
9.3000000000000	2.2238937510252	7.3528989969274
9.3100000000000	2.2171262977957	7.3378088780000
9.3200000000000	2.2104576414232	7.3227483345060
9.3300000000000	2.2038872149901	7.3077181756910
9.3400000000000	2.1974144472232	7.2927192011196
9.3500000000000	2.1910387626412	7.2777522007349
9.3600000000000	2.1847595816991	7.2628179549202
9.3700000000000	2.1785763209296	7.2479172345622
9.3800000000000	2.1724883930825	7.2330508011160
9.3900000000000	2.1664952072601	7.2182194066720
9.4000000000000	2.1605961690513	7.2034237940238
9.4100000000000	2.1547906806617	7.1886646967379
9.4200000000000	2.1490781410419	7.1739428392251
9.4300000000000	2.1434579460123	7.1592589368128
9.4400000000000	2.1379294883856	7.1446136958187
9.4500000000000	2.1324921580865	7.1300078136259
9.4600000000000	2.1271453422687	7.1154419787590
9.4700000000000	2.1218884254290	7.1009168709617
9.4800000000000	2.1167207895188	7.0864331612752
9.4900000000000	2.1116418140530	7.0719915121170
9.5000000000000	2.1066508762163	7.0575925773620
9.5100000000000	2.1017473509662	7.0432370024235
9.5200000000000	2.0969306111341	7.0289254243350
9.5300000000000	2.0922000275237	7.0146584718336
9.5400000000000	2.0875549690058	7.0004367654432
9.5500000000000	2.0829948026119	6.9862609175591
9.5600000000000	2.0785188936240	6.9721315325328
9.5700000000000	2.0741266056625	6.9580492067576
9.5800000000000	2.0698173007714	6.9440145287547
9.5900000000000	2.0655903395005	6.9300280792597
9.6000000000000	2.0614450809856	6.9160904313099
9.6100000000000	2.0573808830261	6.9022021503312
9.6200000000000	2.0533971021596	6.8883637942266
9.6300000000000	2.0494930937349	6.8745759134636
9.6400000000000	2.0456682119812	6.8608390511630
9.6500000000000	2.0419218100766	6.8471537431876
9.6600000000000	2.0382532402121	6.8335205182305
9.6700000000000	2.0346618536551	6.8199398979046
9.6800000000000	2.0311470008095	6.8064123968313
9.6900000000000	2.0277080312732	6.7929385227297
9.7000000000000	2.0243442938938	6.7795187765060
9.7100000000000	2.0210551368220	6.7661536523422
9.7200000000000	2.0178399075621	6.7528436377857
9.7300000000000	2.0146979530205	6.7395892138382
9.7400000000000	2.0116286195524	6.7263908550444
9.7500000000000	2.0086312530052	6.7132490295811
9.7600000000000	2.0057051987604	6.7001641993457
9.7700000000000	2.0028498017733	6.6871368200448
9.7800000000000	2.0000644066100	6.6741673412821
9.7900000000000	1.9973483574826	6.6612562066464
9.8000000000000	1.9947009982820	6.6484038537995
9.8100000000000	1.9921216726089	6.6356107145632
9.8200000000000	1.9896097238021	6.6228772150061
9.8300000000000	1.9871644949652	6.6102037755306
9.8400000000000	1.9847853289912	6.5975908109587
9.8500000000000	1.9824715685842	6.5850387306177
9.8600000000000	1.9802225562805	6.5725479384258
9.8700000000000	1.9780376344663	6.5601188329762
9.8800000000000	1.9759161453940	6.5477518076219
9.8900000000000	1.9738574311966	6.5354472505589
9.9000000000000	1.9718608338998	6.5232055449098
9.9100000000000	1.9699256954325	6.5110270688059
9.9200000000000	1.9680513576347	6.4989121954691
9.9300000000000	1.9662371622643	6.4868612932936
9.9400000000000	1.9644824510015	6.4748747259260
9.9500000000000	1.9627865654513	6.4629528523453
9.9600000000000	1.9611488471445	6.4510960269423
9.9700000000000	1.9595686375361	6.4393045995979
9.9800000000000	1.9580452780028	6.4275789157609
9.9900000000000	1.9565781098381	6.4159193165248
10.000000000000	1.9551664742454	6.4043261387042
10.010000000000	1.9538097123299	6.3927997149099
10.020000000000	1.9525071650885	6.3813403736235
10.030000000000	1.9512581733976	6.3699484392711
10.040000000000	1.9500620779996	6.3586242322959
10.050000000000	1.9489182194874	6.3473680692304
10.060000000000	1.9478259382874	6.3361802627670
10.070000000000	1.9467845746406	6.3250611218282
10.080000000000	1.9457934685821	6.3140109516359
10.090000000000	1.9448519599188	6.3030300537791
10.100000000000	1.9439593882059	6.2921187262813
10.110000000000	1.9431150927211	6.2812772636665
10.120000000000	1.9423184124375	6.2705059570244
10.130000000000	1.9415686859950	6.2598050940742
10.140000000000	1.9408652516701	6.2491749592278
10.150000000000	1.9402074473435	6.2386158336518
10.160000000000	1.9395946104671	6.2281279953278
10.170000000000	1.9390260780285	6.2177117191126
10.180000000000	1.9385011865148	6.2073672767962
10.190000000000	1.9380192718739	6.1970949371596
10.200000000000	1.9375796694752	6.1868949660308
10.210000000000	1.9371817140681	6.1767676263398
10.220000000000	1.9368247397396	6.1667131781722
10.230000000000	1.9365080798696	6.1567318788219
10.240000000000	1.9362310670854	6.1468239828422
10.250000000000	1.9359930332144	6.1369897420963
10.260000000000	1.9357933092354	6.1272294058049
10.270000000000	1.9356312252288	6.1175432205948
10.280000000000	1.9355061103242	6.1079314305440
10.290000000000	1.9354172926480	6.0983942772270
10.300000000000	1.9353640992690	6.0889319997574
10.310000000000	1.9353458561418	6.0795448348306
10.320000000000	1.9353618880501	6.0702330167633
10.330000000000	1.9354115185478	6.0609967775335
10.340000000000	1.9354940698988	6.0518363468172
10.350000000000	1.9356088630155	6.0427519520249
10.360000000000	1.9357552173960	6.0337438183359
10.370000000000	1.9359324510598	6.0248121687315
10.380000000000	1.9361398804819	6.0159572240262
10.390000000000	1.9363768205265	6.0071792028975
10.400000000000	1.9366425843778	5.9984783219142
10.410000000000	1.9369364834710	5.9898547955631
10.420000000000	1.9372578274211	5.9813088362736
10.430000000000	1.9376059239503	5.9728406544410
10.440000000000	1.9379800788148	5.9644504584481
10.450000000000	1.9383795957297	5.9561384546847
10.460000000000	1.9388037762926	5.9479048475658
10.470000000000	1.9392519199063	5.9397498395474
10.480000000000	1.9397233236999	5.9316736311413
10.490000000000	1.9402172824487	5.9236764209267
10.500000000000	1.9407330884929	5.9157584055616
10.510000000000	1.9412700316550	5.9079197797909
10.520000000000	1.9418273991560	5.9001607364529
10.530000000000	1.9424044755302	5.8924814664845
10.540000000000	1.9430005425392	5.8848821589230
10.550000000000	1.9436148790839	5.8773630009072
10.560000000000	1.9442467611163	5.8699241776754
10.570000000000	1.9448954615492	5.8625658725622
10.580000000000	1.9455602501656	5.8552882669918
10.590000000000	1.9462403935256	5.8480915404705
10.600000000000	1.9469351548739	5.8409758705760
10.610000000000	1.9476437940446	5.8339414329448
10.620000000000	1.9483655673658	5.8269884012570
10.630000000000	1.9490997275627	5.8201169472188
10.640000000000	1.9498455236596	5.8133272405432
10.650000000000	1.9506022008809	5.8066194489269
10.660000000000	1.9513690005510	5.7999937380259
10.670000000000	1.9521451599931	5.7934502714280
10.680000000000	1.9529299124273	5.7869892106226
10.690000000000	1.9537224868668	5.7806107149683
10.700000000000	1.9545221080141	5.7743149416572
10.710000000000	1.9553279961555	5.7681020456771
10.720000000000	1.9561393670551	5.7619721797702
10.730000000000	1.9569554318474	5.7559254943892
10.740000000000	1.9577753969295	5.7499621376510
10.750000000000	1.9585984638519	5.7440822552865
10.760000000000	1.9594238292086	5.7382859905882
10.770000000000	1.9602506845266	5.7325734843540
10.780000000000	1.9610782161541	5.7269448748286
10.790000000000	1.9619056051484	5.7214002976410
10.800000000000	1.9627320271624	5.7159398857391
10.810000000000	1.9635566523312	5.7105637693211
10.820000000000	1.9643786451572	5.7052720757632
10.830000000000	1.9651971643950	5.7000649295437
10.840000000000	1.9660113629354	5.6949424521644
10.850000000000	1.9668203876892	5.6899047620674
10.860000000000	1.9676233794698	5.6849519745490
10.870000000000	1.9684194728758	5.6800842016693
10.880000000000	1.9692077961731	5.6753015521586
10.890000000000	1.9699874711762	5.6706041313192
10.900000000000	1.9707576131295	5.6659920409243
10.910000000000	1.9715173305880	5.6614653791116
10.920000000000	1.9722657252980	5.6570242402740
10.930000000000	1.9730018920770	5.6526687149452
10.940000000000	1.9737249186945	5.6483988896819
10.950000000000	1.9744338857514	5.6442148469409
10.960000000000	1.9751278665600	5.6401166649524
10.970000000000	1.9758059270243	5.6361044175885
10.980000000000	1.9764671255199	5.6321781742270
10.990000000000	1.9771105127740	5.6283379996114
11.000000000000	1.9777351317459	5.6245839537047
11.010000000000	1.9783400175080	5.6209160915399
11.020000000000	1.9789241971264	5.6173344630649
11.030000000000	1.9794866895426	5.6138391129820
11.040000000000	1.9800265054558	5.6104300805832
11.050000000000	1.9805426472056	5.6071073995799
11.060000000000	1.9810341086548	5.6038710979273
11.070000000000	1.9814998750748	5.6007211976436
11.080000000000	1.9819389230297	5.5976577146238
11.090000000000	1.9823502202633	5.5946806584479
11.100000000000	1.9827327255860	5.5917900321833
11.110000000000	1.9830853887639	5.5889858321821
11.120000000000	1.9834071504083	5.5862680478722
11.130000000000	1.9836969418675	5.5836366615422
11.140000000000	1.9839536851201	5.5810916481213
11.150000000000	1.9841762926694	5.5786329749520
11.160000000000	1.9843636674408	5.5762606015575
11.170000000000	1.9845147026802	5.5739744794026
11.180000000000	1.9846282818552	5.5717745516482
11.190000000000	1.9847032785585	5.5696607528991
11.200000000000	1.9847385564136	5.5676330089463
11.210000000000	1.9847329689837	5.5656912365013
11.220000000000	1.9846853596828	5.5638353429252
11.230000000000	1.9845945616901	5.5620652259495
11.240000000000	1.9844593978678	5.5603807733913
11.250000000000	1.9842786806819	5.5587818628612
11.260000000000	1.9840512121268	5.5572683614637
11.270000000000	1.9837757836540	5.5558401254911
11.280000000000	1.9834511761040	5.5544970001102
11.290000000000	1.9830761596428	5.5532388190413
11.300000000000	1.9826494937037	5.5520654042302
11.310000000000	1.9821699269321	5.5509765655129
11.320000000000	1.9816361971366	5.5499721002729
11.330000000000	1.9810470312442	5.5490517930903
11.340000000000	1.9804011452623	5.5482154153844
11.350000000000	1.9796972442446	5.5474627250478
11.360000000000	1.9789340222643	5.5467934660733
11.370000000000	1.9781101623928	5.5462073681727
11.380000000000	1.9772243366854	5.5457041463885
11.390000000000	1.9762752061730	5.5452835006968
11.400000000000	1.9752614208619	5.5449451156036
11.410000000000	1.9741816197400	5.5446886597318
11.420000000000	1.9730344307912	5.5445137854019
11.430000000000	1.9718184710183	5.5444201282034
11.440000000000	1.9705323464728	5.5444073065595
11.450000000000	1.9691746522951	5.5444749212828
11.460000000000	1.9677439727628	5.5446225551241
11.470000000000	1.9662388813483	5.5448497723129
11.480000000000	1.9646579407867	5.5451561180900
11.490000000000	1.9629997031536	5.5455411182326
11.500000000000	1.9612627099534	5.5460042785715
11.510000000000	1.9594454922184	5.5465450845004
11.520000000000	1.9575465706199	5.5471630004785
11.530000000000	1.9555644555900	5.5478574695242
11.540000000000	1.9534976474562	5.5486279127027
11.550000000000	1.9513446365888	5.5494737286053
11.560000000000	1.9491039035605	5.5503942928223
11.570000000000	1.9467739193205	5.5513889574084
11.580000000000	1.9443531453813	5.5524570503409
11.590000000000	1.9418400340211	5.5535978749719
11.600000000000	1.9392330284999	5.5548107094736
11.610000000000	1.9365305632920	5.5560948062770
11.620000000000	1.9337310643330	5.5574493915047
11.630000000000	1.9308329492844	5.5588736643978
11.640000000000	1.9278346278139	5.5603667967371
11.650000000000	1.9247345018934	5.5619279322587
11.660000000000	1.9215309661150	5.5635561860652
11.670000000000	1.9182224080243	5.5652506440307
11.680000000000	1.9148072084736	5.5670103622034
11.690000000000	1.9112837419936	5.5688343662017
11.700000000000	1.9076503771852	5.5707216506088
11.710000000000	1.9039054771315	5.5726711783626
11.720000000000	1.9000473998306	5.5746818801430
11.730000000000	1.8960744986498	5.5767526537570
11.740000000000	1.8919851228016	5.5788823635217
11.750000000000	1.8877776178424	5.5810698396458
11.760000000000	1.8834503261932	5.5833138776101
11.770000000000	1.8790015876850	5.5856132375479
11.780000000000	1.8744297401270	5.5879666436253
11.790000000000	1.8697331198998	5.5903727834225
11.800000000000	1.8649100625735	5.5928303073166
11.810000000000	1.8599589035510	5.5953378278665
11.820000000000	1.8548779787374	5.5978939192006
11.830000000000	1.8496656252360	5.6004971164084
11.840000000000	1.8443201820704	5.6031459149361
11.850000000000	1.8388399909349	5.6058387699876
11.860000000000	1.8332233969717	5.6085740959317
11.870000000000	1.8274687495775	5.6113502657158
11.880000000000	1.8215744032369	5.6141656102876
11.890000000000	1.8155387183870	5.6170184180258
11.900000000000	1.8093600623091	5.6199069341803
11.910000000000	1.8030368100520	5.6228293603232
11.920000000000	1.7965673453839	5.6257838538113
11.930000000000	1.7899500617759	5.6287685272621
11.940000000000	1.7831833634145	5.6317814480436
11.950000000000	1.7762656662470	5.6348206377787
11.960000000000	1.7691953990557	5.6378840718667
11.970000000000	1.7619710045653	5.6409696790219
11.980000000000	1.7545909405804	5.6440753408315
11.990000000000	1.7470536811550	5.6471988913331
12.000000000000	1.7393577177934	5.6503381166138
12.010000000000	1.7315015606825	5.6534907544327
12.020000000000	1.7234837399563	5.6566544938663
12.030000000000	1.7153028069907	5.6598269749813
12.040000000000	1.7069573357308	5.6630057885330
12.050000000000	1.6984459240485	5.6661884756930
12.060000000000	1.6897671951313	5.6693725278066
12.070000000000	1.6809197989024	5.6725553861828
12.080000000000	1.6719024134695	5.6757344419156
12.090000000000	1.6627137466051	5.6789070357423
12.100000000000	1.6533525372553	5.6820704579366
12.110000000000	1.6438175570777	5.6852219482403
12.120000000000	1.6341076120074	5.6883586958346
12.130000000000	1.6242215438507	5.6914778393528
12.140000000000	1.6141582319054	5.6945764669360
12.150000000000	1.6039165946074	5.6976516163330
12.160000000000	1.5934955912019	5.7007002750475
12.170000000000	1.5828942234388	5.7037193805322
12.180000000000	1.5721115372911	5.7067058204337
12.190000000000	1.5611466246947	5.7096564328882
12.200000000000	1.5499986253096	5.7125680068702
12.210000000000	1.5386667282993	5.7154372825967
12.220000000000	1.5271501741282	5.7182609519868
12.230000000000	1.5154482563755	5.7210356591805
12.240000000000	1.5035603235635	5.7237580011159
12.250000000000	1.4914857809984	5.7264245281688
12.260000000000	1.4792240926227	5.7290317448546
12.270000000000	1.4667747828765	5.7315761105940
12.280000000000	1.4541374385653	5.7340540405456
12.290000000000	1.4413117107343	5.7364619065044
12.300000000000	1.4282973165436	5.7387960378702
12.310000000000	1.4150940411452	5.7410527226844
12.320000000000	1.4017017395580	5.7432282087393
12.330000000000	1.3881203385374	5.7453187047583
12.340000000000	1.3743498384392	5.7473203816507
12.350000000000	1.3603903150728	5.7492293738399
12.360000000000	1.3462419215426	5.7510417806676
12.370000000000	1.3319048900733	5.7527536678733
12.380000000000	1.3173795338179	5.7543610691512
12.390000000000	1.3026662486434	5.7558599877845
12.400000000000	1.2877655148930	5.7572463983576
12.410000000000	1.2726778991192	5.7585162485462
12.420000000000	1.2574040557878	5.7596654609863
12.430000000000	1.2419447289462	5.7606899352224
12.440000000000	1.2263007538543	5.7615855497334
12.450000000000	1.2104730585751	5.7623481640377
12.460000000000	1.1944626655193	5.7629736208760
12.470000000000	1.1782706929425	5.7634577484729
12.480000000000	1.1618983563906	5.7637963628744
12.490000000000	1.1453469700889	5.7639852703625
12.500000000000	1.1286179482733	5.7640202699451
12.510000000000	1.1117128064571	5.7638971559199
12.520000000000	1.0946331626326	5.7636117205119
12.530000000000	1.0773807384015	5.7631597565820
12.540000000000	1.0599573600321	5.7625370604051
12.550000000000	1.0423649594376	5.7617394345169
12.560000000000	1.0246055750748	5.7607626906266
12.570000000000	1.0066813527563	5.7596026525922
12.580000000000	0.98859454637502	5.7582551594588
12.590000000000	0.97034751853637	5.7567160685540
12.600000000000	0.95194274109504	5.7549812586401
12.610000000000	0.93338279559280	5.7530466331189
12.620000000000	0.91467037359410	5.7509081232855
12.630000000000	0.89580827691632	5.7485616916293
12.640000000000	0.87679941775147	5.7460033351770
12.650000000000	0.85764681867660	5.7432290888744
12.660000000000	0.83835361254970	5.7402350290033
12.670000000000	0.81892304228879	5.7370172766291
12.680000000000	0.79935846053149	5.7335720010749
12.690000000000	0.77966332917259	5.7298954234170
12.700000000000	0.75984121877774	5.7259838199987
