freq	s11_Re	s11_Im
2.7000000000000	0.34388668444366	0.24750974777609
2.7100000000000	0.34161254123371	0.24237703902857
2.7200000000000	0.33927995549435	0.23733706469905
2.7300000000000	0.33689142067539	0.23238998413443
2.7400000000000	0.33444940074844	0.22753589438917
2.7500000000000	0.33195632889225	0.22277483211065
2.7600000000000	0.32941460626841	0.21810677543166
2.7700000000000	0.32682660088592	0.21353164586646
2.7800000000000	0.32419464655232	0.20904931020672
2.7900000000000	0.32152104190969	0.20465958241405
2.8000000000000	0.31880804955309	0.20036222550599
2.8100000000000	0.31605789522932	0.19615695343223
2.8200000000000	0.31327276711375	0.19204343293856
2.8300000000000	0.31045481516277	0.18802128541561
2.8400000000000	0.30760615053950	0.18409008873004
2.8500000000000	0.30472884511033	0.18024937903593
2.8600000000000	0.30182493100980	0.17649865256412
2.8700000000000	0.29889640027130	0.17283736738752
2.8800000000000	0.29594520452118	0.16926494516078
2.8900000000000	0.29297325473366	0.16578077283237
2.9000000000000	0.28998242104405	0.16238420432779
2.9100000000000	0.28697453261790	0.15907456220248
2.9200000000000	0.28395137757343	0.15585113926313
2.9300000000000	0.28091470295493	0.15271320015645
2.9400000000000	0.27786621475464	0.14965998292429
2.9500000000000	0.27480757798064	0.14669070052440
2.9600000000000	0.27174041676863	0.14380454231609
2.9700000000000	0.26866631453498	0.14100067551004
2.9800000000000	0.26558681416898	0.13827824658205
2.9900000000000	0.26250341826200	0.13563638265005
3.0000000000000	0.25941758937142	0.13307419281424
3.0100000000000	0.25633075031713	0.13059076946015
3.0200000000000	0.25324428450862	0.12818518952438
3.0300000000000	0.25015953630055	0.12585651572315
3.0400000000000	0.24707781137504	0.12360379774358
3.0500000000000	0.24400037714850	0.12142607339779
3.0600000000000	0.24092846320141	0.11932236974014
3.0700000000000	0.23786326172917	0.11729170414766
3.0800000000000	0.23480592801236	0.11533308536414
3.0900000000000	0.23175758090467	0.11344551450804
3.1000000000000	0.22871930333704	0.11162798604477
3.1100000000000	0.22569214283633	0.10987948872373
3.1200000000000	0.22267711205727	0.10819900648052
3.1300000000000	0.21967518932604	0.10658551930489
3.1400000000000	0.21668731919429	0.10503800407505
3.1500000000000	0.21371441300234	0.10355543535875
3.1600000000000	0.21075734945018	0.10213678618186
3.1700000000000	0.20781697517522	0.10078102876500
3.1800000000000	0.20489410533572	0.099487135229003
3.1900000000000	0.20198952419867	0.098254078269620
3.2000000000000	0.19910398573126	0.097080831802425
3.2100000000000	0.19623821419496	0.095966371578419
3.2200000000000	0.19339290474126	0.094909675771109
3.2300000000000	0.19056872400829	0.093909725535757
3.2400000000000	0.18776631071743	0.092965505541507
3.2500000000000	0.18498627626928	0.092076004477121
3.2600000000000	0.18222920533810	0.091240215531024
3.2700000000000	0.17949565646425	0.090457136846388
3.2800000000000	0.17678616264389	0.089725771951981
3.2900000000000	0.17410123191533	0.089045130169475
3.3000000000000	0.17144134794161	0.088414226997952
3.3100000000000	0.16880697058870	0.087832084476288
3.3200000000000	0.16619853649888	0.087297731524138
3.3300000000000	0.16361645965885	0.086810204262201
3.3400000000000	0.16106113196228	0.086368546312448
3.3500000000000	0.15853292376623	0.085971809079013
3.3600000000000	0.15603218444128	0.085619052010372
3.3700000000000	0.15355924291499	0.085309342843510
3.3800000000000	0.15111440820842	0.085041757830687
3.3900000000000	0.14869796996546	0.084815381949453
3.4000000000000	0.14631019897471	0.084629309096533
3.4100000000000	0.14395134768380	0.084482642266179
3.4200000000000	0.14162165070586	0.084374493713604
3.4300000000000	0.13932132531802	0.084303985104060
3.4400000000000	0.13705057195188	0.084270247648149
3.4500000000000	0.13480957467570	0.084272422223905
3.4600000000000	0.13259850166833	0.084309659486210
3.4700000000000	0.13041750568469	0.084381119964054
3.4800000000000	0.12826672451287	0.084485974146168
3.4900000000000	0.12614628142266	0.084623402555518
3.5000000000000	0.12405628560555	0.084792595813173
3.5100000000000	0.12199683260622	0.084992754691982
3.5200000000000	0.11996800474540	0.085223090160561
3.5300000000000	0.11796987153420	0.085482823418011
3.5400000000000	0.11600249007988	0.085771185919805
3.5500000000000	0.11406590548311	0.086087419395276
3.5600000000000	0.11216015122673	0.086430775857093
3.5700000000000	0.11028524955609	0.086800517603140
3.5800000000000	0.10844121185096	0.087195917211160
3.5900000000000	0.10662803898918	0.087616257526551
3.6000000000000	0.10484572170199	0.088060831643650
3.6100000000000	0.10309424092118	0.088528942880870
3.6200000000000	0.10137356811822	0.089019904750001
3.6300000000000	0.099683665635241	0.089533040920013
3.6400000000000	0.098024487008224	0.090067685175659
3.6500000000000	0.096395977282256	0.090623181371181
3.6600000000000	0.094798073319119	0.091198883379398
3.6700000000000	0.093230704097233	0.091794155036460
3.6800000000000	0.091693791004087	0.092408370082535
3.6900000000000	0.090187248121256	0.093040912098667
3.7000000000000	0.088710982502131	0.093691174440078
3.7100000000000	0.087264894442460	0.094358560166116
3.7200000000000	0.085848877743840	0.095042481967112
3.7300000000000	0.084462819970245	0.095742362088327
3.7400000000000	0.083106602697746	0.096457632251224
3.7500000000000	0.081780101757514	0.097187733572249
3.7600000000000	0.080483187472249	0.097932116479322
3.7700000000000	0.079215724886140	0.098690240626209
3.7800000000000	0.077977573988496	0.099461574804965
3.7900000000000	0.076768589931151	0.10024559685660
3.8000000000000	0.075588623239787	0.10104179358013
3.8100000000000	0.074437520019277	0.10184966064020
3.8200000000000	0.073315122153187	0.10266870247336
3.8300000000000	0.072221267497548	0.10349843219318
3.8400000000000	0.071155790069027	0.10433837149434
3.8500000000000	0.070118520227606	0.10518805055578
3.8600000000000	0.069109284853906	0.10604700794311
3.8700000000000	0.068127907521253	0.10691479051025
3.8800000000000	0.067174208662626	0.10779095330061
3.8900000000000	0.066248005732586	0.10867505944774
3.9000000000000	0.065349113364304	0.10956668007560
3.9100000000000	0.064477343521818	0.11046539419861
3.9200000000000	0.063632505647600	0.11137078862149
3.9300000000000	0.062814406805580	0.11228245783897
3.9400000000000	0.062022851819709	0.11320000393554
3.9500000000000	0.061257643408179	0.11412303648521
3.9600000000000	0.060518582313410	0.11505117245138
3.9700000000000	0.059805467427901	0.11598403608700
3.9800000000000	0.059118095916056	0.11692125883481
3.9900000000000	0.058456263332078	0.11786247922810
4.0000000000000	0.057819763734035	0.11880734279169
4.0100000000000	0.057208389794199	0.11975550194339
4.0200000000000	0.056621932905749	0.12070661589594
4.0300000000000	0.056060183285932	0.12166035055946
4.0400000000000	0.055522930075781	0.12261637844446
4.0500000000000	0.055009961436475	0.12357437856545
4.0600000000000	0.054521064642433	0.12453403634525
4.0700000000000	0.054056026171222	0.12549504351986
4.0800000000000	0.053614631790387	0.12645709804417
4.0900000000000	0.053196666641252	0.12741990399831
4.1000000000000	0.052801915319805	0.12838317149486
4.1100000000000	0.052430161954733	0.12934661658677
4.1200000000000	0.052081190282691	0.13030996117616
4.1300000000000	0.051754783720869	0.13127293292395
4.1400000000000	0.051450725436959	0.13223526516030
4.1500000000000	0.051168798416564	0.13319669679605
4.1600000000000	0.050908785528143	0.13415697223493
4.1700000000000	0.050670469585562	0.13511584128676
4.1800000000000	0.050453633408297	0.13607305908153
4.1900000000000	0.050258059879391	0.13702838598449
4.2000000000000	0.050083532001196	0.13798158751209
4.2100000000000	0.049929832948993	0.13893243424897
4.2200000000000	0.049796746122530	0.13988070176587
4.2300000000000	0.049684055195554	0.14082617053850
4.2400000000000	0.049591544163389	0.14176862586744
4.2500000000000	0.049518997388617	0.14270785779900
4.2600000000000	0.049466199644931	0.14364366104703
4.2700000000000	0.049432936159193	0.14457583491581
4.2800000000000	0.049418992651770	0.14550418322383
4.2900000000000	0.049424155375198	0.14642851422863
4.3000000000000	0.049448211151213	0.14734864055264
4.3100000000000	0.049490947406208	0.14826437910995
4.3200000000000	0.049552152205170	0.14917555103416
4.3300000000000	0.049631614284128	0.15008198160713
4.3400000000000	0.049729123081177	0.15098350018878
4.3500000000000	0.049844468766102	0.15187994014787
4.3600000000000	0.049977442268669	0.15277113879370
4.3700000000000	0.050127835305600	0.15365693730891
4.3800000000000	0.050295440406300	0.15453718068307
4.3900000000000	0.050480050937354	0.15541171764742
4.4000000000000	0.050681461125843	0.15628040061048
4.4100000000000	0.050899466081517	0.15714308559456
4.4200000000000	0.051133861817861	0.15799963217335
4.4300000000000	0.051384445272089	0.15884990341037
4.4400000000000	0.051651014324104	0.15969376579833
4.4500000000000	0.051933367814451	0.16053108919946
4.4600000000000	0.052231305561308	0.16136174678680
4.4700000000000	0.052544628376531	0.16218561498626
4.4800000000000	0.052873138080803	0.16300257341976
4.4900000000000	0.053216637517901	0.16381250484910
4.5000000000000	0.053574930568121	0.16461529512084
4.5100000000000	0.053947822160882	0.16541083311197
4.5200000000000	0.054335118286544	0.16619901067653
4.5300000000000	0.054736626007465	0.16697972259295
4.5400000000000	0.055152153468318	0.16775286651243
4.5500000000000	0.055581509905701	0.16851834290798
4.5600000000000	0.056024505657060	0.16927605502440
4.5700000000000	0.056480952168951	0.17002590882903
4.5800000000000	0.056950662004664	0.17076781296336
4.5900000000000	0.057433448851232	0.17150167869533
4.6000000000000	0.057929127525846	0.17222741987258
4.6100000000000	0.058437513981700	0.17294495287635
4.6200000000000	0.058958425313279	0.17365419657619
4.6300000000000	0.059491679761123	0.17435507228549
4.6400000000000	0.060037096716080	0.17504750371763
4.6500000000000	0.060594496723054	0.17573141694303
4.6600000000000	0.061163701484298	0.17640674034679
4.6700000000000	0.061744533862232	0.17707340458716
4.6800000000000	0.062336817881838	0.17773134255463
4.6900000000000	0.062940378732617	0.17838048933182
4.7000000000000	0.063555042770156	0.17902078215394
4.7100000000000	0.064180637517292	0.17965216037005
4.7200000000000	0.064816991664907	0.18027456540494
4.7300000000000	0.065463935072363	0.18088794072165
4.7400000000000	0.066121298767588	0.18149223178468
4.7500000000000	0.066788914946835	0.18208738602382
4.7600000000000	0.067466616974117	0.18267335279864
4.7700000000000	0.068154239380340	0.18325008336359
4.7800000000000	0.068851617862146	0.18381753083370
4.7900000000000	0.069558589280468	0.18437565015088
4.8000000000000	0.070274991658823	0.18492439805089
4.8100000000000	0.071000664181348	0.18546373303079
4.8200000000000	0.071735447190587	0.18599361531704
4.8300000000000	0.072479182185042	0.18651400683417
4.8400000000000	0.073231711816506	0.18702487117393
4.8500000000000	0.073992879887175	0.18752617356512
4.8600000000000	0.074762531346556	0.18801788084385
4.8700000000000	0.075540512288186	0.18849996142436
4.8800000000000	0.076326669946158	0.18897238527045
4.8900000000000	0.077120852691472	0.18943512386727
4.9000000000000	0.077922910028219	0.18988815019379
4.9100000000000	0.078732692589603	0.19033143869561
4.9200000000000	0.079550052133813	0.19076496525839
4.9300000000000	0.080374841539749	0.19118870718169
4.9400000000000	0.081206914802610	0.19160264315331
4.9500000000000	0.082046127029356	0.19200675322410
4.9600000000000	0.082892334434043	0.19240101878321
4.9700000000000	0.083745394333047	0.19278542253380
4.9800000000000	0.084605165140172	0.19315994846924
4.9900000000000	0.085471506361667	0.19352458184966
5.0000000000000	0.086344278591131	0.19387930917900
5.0100000000000	0.087223343504340	0.19422411818246
5.0200000000000	0.088108563853981	0.19455899778435
5.0300000000000	0.088999803464311	0.19488393808637
5.0400000000000	0.089896927225740	0.19519893034628
5.0500000000000	0.090799801089345	0.19550396695697
5.0600000000000	0.091708292061319	0.19579904142589
5.0700000000000	0.092622268197362	0.19608414835491
5.0800000000000	0.093541598597020	0.19635928342051
5.0900000000000	0.094466153397965	0.19662444335435
5.1000000000000	0.095395803770240	0.19687962592421
5.1100000000000	0.096330421910456	0.19712482991527
5.1200000000000	0.097269881035950	0.19736005511174
5.1300000000000	0.098214055378915	0.19758530227884
5.1400000000000	0.099162820180493	0.19780057314512
5.1500000000000	0.10011605168485	0.19800587038509
5.1600000000000	0.10107362713321	0.19820119760216
5.1700000000000	0.10203542475791	0.19838655931196
5.1800000000000	0.10300132377636	0.19856196092591
5.1900000000000	0.10397120438511	0.19872740873511
5.2000000000000	0.10494494775376	0.19888290989458
5.2100000000000	0.10592243601900	0.19902847240769
5.2200000000000	0.10690355227855	0.19916410511099
5.2300000000000	0.10788818058514	0.19928981765925
5.2400000000000	0.10887620594047	0.19940562051084
5.2500000000000	0.10986751428922	0.19951152491332
5.2600000000000	0.11086199251297	0.19960754288933
5.2700000000000	0.11185952842424	0.19969368722276
5.2800000000000	0.11286001076047	0.19976997144515
5.2900000000000	0.11386332917799	0.19983640982235
5.3000000000000	0.11486937424610	0.19989301734145
5.3100000000000	0.11587803744106	0.19993980969794
5.3200000000000	0.11688921114015	0.19997680328307
5.3300000000000	0.11790278861575	0.20000401517155
5.3400000000000	0.11891866402944	0.20002146310936
5.3500000000000	0.11993673242609	0.20002916550189
5.3600000000000	0.12095688972801	0.20002714140219
5.3700000000000	0.12197903272909	0.20001541049957
5.3800000000000	0.12300305908904	0.19999399310832
5.3900000000000	0.12402886732755	0.19996291015666
5.4000000000000	0.12505635681854	0.19992218317589
5.4100000000000	0.12608542778448	0.19987183428980
5.4200000000000	0.12711598129065	0.19981188620419
5.4300000000000	0.12814791923949	0.19974236219663
5.4400000000000	0.12918114436497	0.19966328610644
5.4500000000000	0.13021556022701	0.19957468232479
5.4600000000000	0.13125107120589	0.19947657578501
5.4700000000000	0.13228758249677	0.19936899195313
5.4800000000000	0.13332500010416	0.19925195681848
5.4900000000000	0.13436323083648	0.19912549688463
5.5000000000000	0.13540218230068	0.19898963916029
5.5100000000000	0.13644176289684	0.19884441115059
5.5200000000000	0.13748188181281	0.19868984084835
5.5300000000000	0.13852244901901	0.19852595672562
5.5400000000000	0.13956337526308	0.19835278772531
5.5500000000000	0.14060457206471	0.19817036325301
5.5600000000000	0.14164595171049	0.19797871316897
5.5700000000000	0.14268742724876	0.19777786778014
5.5800000000000	0.14372891248453	0.19756785783249
5.5900000000000	0.14477032197445	0.19734871450336
5.6000000000000	0.14581157102182	0.19712046939400
5.6100000000000	0.14685257567159	0.19688315452223
5.6200000000000	0.14789325270552	0.19663680231522
5.6300000000000	0.14893351963727	0.19638144560244
5.6400000000000	0.14997329470760	0.19611711760869
5.6500000000000	0.15101249687957	0.19584385194730
5.6600000000000	0.15205104583386	0.19556168261340
5.6700000000000	0.15308886196402	0.19527064397736
5.6800000000000	0.15412586637189	0.19497077077830
5.6900000000000	0.15516198086297	0.19466209811777
5.7000000000000	0.15619712794187	0.19434466145347
5.7100000000000	0.15723123080784	0.19401849659316
5.7200000000000	0.15826421335027	0.19368363968863
5.7300000000000	0.15929600014431	0.19334012722973
5.7400000000000	0.16032651644648	0.19298799603864
5.7500000000000	0.16135568819037	0.19262728326410
5.7600000000000	0.16238344198236	0.19225802637578
5.7700000000000	0.16340970509736	0.19188026315884
5.7800000000000	0.16443440547468	0.19149403170839
5.7900000000000	0.16545747171383	0.19109937042428
5.8000000000000	0.16647883307047	0.19069631800575
5.8100000000000	0.16749841945235	0.19028491344635
5.8200000000000	0.16851616141529	0.18986519602883
5.8300000000000	0.16953199015924	0.18943720532018
5.8400000000000	0.17054583752436	0.18900098116670
5.8500000000000	0.17155763598714	0.18855656368924
5.8600000000000	0.17256731865658	0.18810399327838
5.8700000000000	0.17357481927041	0.18764331058982
5.8800000000000	0.17458007219135	0.18717455653978
5.8900000000000	0.17558301240342	0.18669777230047
5.9000000000000	0.17658357550828	0.18621299929568
5.9100000000000	0.17758169772163	0.18572027919637
5.9200000000000	0.17857731586965	0.18521965391638
5.9300000000000	0.17957036738543	0.18471116560823
5.9400000000000	0.18056079030558	0.18419485665888
5.9500000000000	0.18154852326672	0.18367076968569
5.9600000000000	0.18253350550210	0.18313894753234
5.9700000000000	0.18351567683825	0.18259943326486
5.9800000000000	0.18449497769168	0.18205227016772
5.9900000000000	0.18547134906558	0.18149750173994
6.0000000000000	0.18644473254663	0.18093517169129
6.0100000000000	0.18741507030176	0.18036532393859
6.0200000000000	0.18838230507503	0.17978800260192
6.0300000000000	0.18934638018450	0.17920325200106
6.0400000000000	0.19030723951918	0.17861111665188
6.0500000000000	0.19126482753599	0.17801164126276
6.0600000000000	0.19221908925673	0.17740487073115
6.0700000000000	0.19316997026518	0.17679085014009
6.0800000000000	0.19411741670414	0.17616962475484
6.0900000000000	0.19506137527259	0.17554124001952
6.1000000000000	0.19600179322277	0.17490574155381
6.1100000000000	0.19693861835747	0.17426317514968
6.1200000000000	0.19787179902719	0.17361358676816
6.1300000000000	0.19880128412741	0.17295702253619
6.1400000000000	0.19972702309595	0.17229352874349
6.1500000000000	0.20064896591023	0.17162315183939
6.1600000000000	0.20156706308469	0.17094593842988
6.1700000000000	0.20248126566817	0.17026193527450
6.1800000000000	0.20339152524137	0.16957118928337
6.1900000000000	0.20429779391431	0.16887374751428
6.2000000000000	0.20520002432385	0.16816965716975
6.2100000000000	0.20609816963120	0.16745896559412
6.2200000000000	0.20699218351955	0.16674172027074
6.2300000000000	0.20788202019160	0.16601796881915
6.2400000000000	0.20876763436725	0.16528775899225
6.2500000000000	0.20964898128126	0.16455113867360
6.2600000000000	0.21052601668091	0.16380815587466
6.2700000000000	0.21139869682380	0.16305885873209
6.2800000000000	0.21226697847555	0.16230329550509
6.2900000000000	0.21313081890758	0.16154151457276
6.3000000000000	0.21399017589499	0.16077356443146
6.3100000000000	0.21484500771437	0.15999949369223
6.3200000000000	0.21569527314165	0.15921935107824
6.3300000000000	0.21654093145005	0.15843318542221
6.3400000000000	0.21738194240798	0.15764104566391
6.3500000000000	0.21821826627702	0.15684298084767
6.3600000000000	0.21904986380990	0.15603904011989
6.3700000000000	0.21987669624848	0.15522927272657
6.3800000000000	0.22069872532184	0.15441372801092
6.3900000000000	0.22151591324429	0.15359245541091
6.4000000000000	0.22232822271352	0.15276550445689
6.4100000000000	0.22313561690864	0.15193292476919
6.4200000000000	0.22393805948839	0.15109476605580
6.4300000000000	0.22473551458924	0.15025107811002
6.4400000000000	0.22552794682362	0.14940191080812
6.4500000000000	0.22631532127810	0.14854731410704
6.4600000000000	0.22709760351164	0.14768733804211
6.4700000000000	0.22787475955383	0.14682203272478
6.4800000000000	0.22864675590318	0.14595144834033
6.4900000000000	0.22941355952539	0.14507563514566
6.5000000000000	0.23017513785171	0.14419464346705
6.5100000000000	0.23093145877724	0.14330852369794
6.5200000000000	0.23168249065930	0.14241732629672
6.5300000000000	0.23242820231584	0.14152110178454
6.5400000000000	0.23316856302378	0.14061990074315
6.5500000000000	0.23390354251750	0.13971377381273
6.5600000000000	0.23463311098720	0.13880277168969
6.5700000000000	0.23535723907743	0.13788694512461
6.5800000000000	0.23607589788551	0.13696634492002
6.5900000000000	0.23678905896004	0.13604102192833
6.6000000000000	0.23749669429943	0.13511102704971
6.6100000000000	0.23819877635039	0.13417641122997
6.6200000000000	0.23889527800649	0.13323722545848
6.6300000000000	0.23958617260672	0.13229352076609
6.6400000000000	0.24027143393406	0.13134534822302
6.6500000000000	0.24095103621407	0.13039275893683
6.6600000000000	0.24162495411351	0.12943580405035
6.6700000000000	0.24229316273894	0.12847453473962
6.6800000000000	0.24295563763536	0.12750900221184
6.6900000000000	0.24361235478486	0.12653925770335
6.7000000000000	0.24426329060528	0.12556535247756
6.7100000000000	0.24490842194892	0.12458733782298
6.7200000000000	0.24554772610115	0.12360526505117
6.7300000000000	0.24618118077918	0.12261918549471
6.7400000000000	0.24680876413077	0.12162915050523
6.7500000000000	0.24743045473291	0.12063521145138
6.7600000000000	0.24804623159060	0.11963741971685
6.7700000000000	0.24865607413558	0.11863582669837
6.7800000000000	0.24925996222509	0.11763048380371
6.7900000000000	0.24985787614066	0.11662144244974
6.8000000000000	0.25044979658684	0.11560875406041
6.8100000000000	0.25103570469007	0.11459247006479
6.8200000000000	0.25161558199739	0.11357264189511
6.8300000000000	0.25218941047533	0.11254932098479
6.8400000000000	0.25275717250867	0.11152255876646
6.8500000000000	0.25331885089931	0.11049240667002
6.8600000000000	0.25387442886506	0.10945891612070
6.8700000000000	0.25442389003854	0.10842213853706
6.8800000000000	0.25496721846598	0.10738212532909
6.8900000000000	0.25550439860611	0.10633892789625
6.9000000000000	0.25603541532902	0.10529259762550
6.9100000000000	0.25656025391503	0.10424318588939
6.9200000000000	0.25707890005358	0.10319074404411
6.9300000000000	0.25759133984208	0.10213532342757
6.9400000000000	0.25809755978487	0.10107697535744
6.9500000000000	0.25859754679205	0.10001575112922
6.9600000000000	0.25909128817843	0.098951702014360
6.9700000000000	0.25957877166241	0.097884879258254
6.9800000000000	0.26005998536493	0.096815334078378
6.9900000000000	0.26053491780834	0.095743117662336
7.0000000000000	0.26100355791536	0.094668281165949
7.0100000000000	0.26146589500800	0.093590875711331
7.0200000000000	0.26192191880649	0.092510952384969
7.0300000000000	0.26237161942822	0.091428562235807
7.0400000000000	0.26281498738665	0.090343756273330
7.0500000000000	0.26325201359030	0.089256585465650
7.0600000000000	0.26368268934167	0.088167100737593
7.0700000000000	0.26410700633616	0.087075352968781
7.0800000000000	0.26452495666108	0.085981392991732
7.0900000000000	0.26493653279456	0.084885271589938
7.1000000000000	0.26534172760451	0.083787039495966
7.1100000000000	0.26574053434758	0.082686747389545
7.1200000000000	0.26613294666813	0.081584445895661
7.1300000000000	0.26651895859717	0.080480185582650
7.1400000000000	0.26689856455132	0.079374016960297
7.1500000000000	0.26727175933181	0.078265990477927
7.1600000000000	0.26763853812337	0.077156156522507
7.1700000000000	0.26799889649327	0.076044565416741
7.1800000000000	0.26835283039023	0.074931267417171
7.1900000000000	0.26870033614340	0.073816312712274
7.2000000000000	0.26904141046133	0.072699751420568
7.2100000000000	0.26937605043091	0.071581633588709
7.2200000000000	0.26970425351636	0.070462009189596
7.2300000000000	0.27002601755818	0.069340928120472
7.2400000000000	0.27034134077209	0.068218440201034
7.2500000000000	0.27065022174802	0.067094595171531
7.2600000000000	0.27095265944907	0.065969442690875
7.2700000000000	0.27124865321044	0.064843032334750
7.2800000000000	0.27153820273838	0.063715413593712
7.2900000000000	0.27182130810920	0.062586635871308
7.3000000000000	0.27209796976815	0.061456748482179
7.3100000000000	0.27236818852843	0.060325800650175
7.3200000000000	0.27263196557008	0.059193841506465
7.3300000000000	0.27288930243898	0.058060920087650
7.3400000000000	0.27314020104576	0.056927085333881
7.3500000000000	0.27338466366476	0.055792386086969
7.3600000000000	0.27362269293294	0.054656871088506
7.3700000000000	0.27385429184882	0.053520588977981
7.3800000000000	0.27407946377146	0.052383588290898
7.3900000000000	0.27429821241931	0.051245917456897
7.4000000000000	0.27451054186919	0.050107624797878
7.4100000000000	0.27471645655520	0.048968758526120
7.4200000000000	0.27491596126761	0.047829366742408
7.4300000000000	0.27510906115182	0.046689497434158
7.4400000000000	0.27529576170724	0.045549198473541
7.4500000000000	0.27547606878618	0.044408517615620
7.4600000000000	0.27564998859280	0.043267502496469
7.4700000000000	0.27581752768198	0.042126200631316
7.4800000000000	0.27597869295819	0.040984659412667
7.4900000000000	0.27613349167443	0.039842926108449
7.5000000000000	0.27628193143108	0.038701047860142
7.5100000000000	0.27642402017478	0.037559071680919
7.5200000000000	0.27655976619732	0.036417044453788
7.5300000000000	0.27668917813450	0.035275012929733
7.5400000000000	0.27681226496501	0.034133023725859
7.5500000000000	0.27692903600926	0.032991123323540
7.5600000000000	0.27703950092827	0.031849358066566
7.5700000000000	0.27714366972251	0.030707774159295
7.5800000000000	0.27724155273072	0.029566417664803
7.5900000000000	0.27733316062880	0.028425334503046
7.6000000000000	0.27741850442857	0.027284570449009
7.6100000000000	0.27749759547670	0.026144171130872
7.6200000000000	0.27757044545342	0.025004182028172
7.6300000000000	0.27763706637145	0.023864648469965
7.6400000000000	0.27769747057471	0.022725615632995
7.6500000000000	0.27775167073720	0.021587128539864
7.6600000000000	0.27779967986176	0.020449232057205
7.6700000000000	0.27784151127891	0.019311970893856
7.6800000000000	0.27787717864556	0.018175389599041
7.6900000000000	0.27790669594388	0.017039532560546
7.7000000000000	0.27793007748003	0.015904444002909
7.7100000000000	0.27794733788291	0.014770167985602
7.7200000000000	0.27795849210300	0.013636748401222
7.7300000000000	0.27796355541105	0.012504228973687
7.7400000000000	0.27796254339684	0.011372653256425
7.7500000000000	0.27795547196798	0.010242064630582
7.7600000000000	0.27794235734857	0.0091125063032158
7.7700000000000	0.27792321607800	0.0079840213055087
7.7800000000000	0.27789806500966	0.0068566524909717
7.7900000000000	0.27786692130963	0.0057304425336591
7.8000000000000	0.27782980245544	0.0046054339263836
7.8100000000000	0.27778672623474	0.0034816689789360
7.8200000000000	0.27773771074404	0.0023591898163076
7.8300000000000	0.27768277438736	0.0012380383769170
7.8400000000000	0.27762193587497	0.00011825641084018
7.8500000000000	0.27755521422203	-0.0010001145219561
7.8600000000000	0.27748262874728	-0.0021170330533760
7.8700000000000	0.27740419907171	-0.0032324580089541
7.8800000000000	0.27731994511724	-0.0043463484096093
7.8900000000000	0.27722988710535	-0.0054586634733968
7.9000000000000	0.27713404555573	-0.0065693626172538
7.9100000000000	0.27703244128496	-0.0076784054587436
7.9200000000000	0.27692509540508	-0.0087857518177938
7.9300000000000	0.27681202932229	-0.0098913617184318
7.9400000000000	0.27669326473554	-0.010995195390515
7.9500000000000	0.27656882363514	-0.012097213271457
7.9600000000000	0.27643872830137	-0.013197376007952
7.9700000000000	0.27630300130310	-0.014295644457690
7.9800000000000	0.27616166549640	-0.015391979691074
7.9900000000000	0.27601474402307	-0.016486342992927
8.0000000000000	0.27586226030929	-0.017578695864198
8.0100000000000	0.27570423806416	-0.018669000023664
8.0200000000000	0.27554070127827	-0.019757217409623
8.0300000000000	0.27537167422229	-0.020843310181593
8.0400000000000	0.27519718144548	-0.021927240721990
8.0500000000000	0.27501724777431	-0.023008971637820
8.0600000000000	0.27483189831092	-0.024088465762351
8.0700000000000	0.27464115843172	-0.025165686156793
8.0800000000000	0.27444505378591	-0.026240596111961
8.0900000000000	0.27424361029398	-0.027313159149943
8.1000000000000	0.27403685414623	-0.028383339025762
8.1100000000000	0.27382481180131	-0.029451099729027
8.1200000000000	0.27360750998470	-0.030516405485588
8.1300000000000	0.27338497568721	-0.031579220759181
8.1400000000000	0.27315723616347	-0.032639510253068
8.1500000000000	0.27292431893043	-0.033697238911673
8.1600000000000	0.27268625176581	-0.034752371922219
8.1700000000000	0.27244306270660	-0.035804874716350
8.1800000000000	0.27219478004750	-0.036854712971755
8.1900000000000	0.27194143233940	-0.037901852613789
8.2000000000000	0.27168304838781	-0.038946259817079
8.2100000000000	0.27141965725134	-0.039987901007141
8.2200000000000	0.27115128824009	-0.041026742861974
8.2300000000000	0.27087797091413	-0.042062752313667
8.2400000000000	0.27059973508190	-0.043095896549989
8.2500000000000	0.27031661079861	-0.044126143015975
8.2600000000000	0.27002862836471	-0.045153459415518
8.2700000000000	0.26973581832426	-0.046177813712941
8.2800000000000	0.26943821146332	-0.047199174134575
8.2900000000000	0.26913583880838	-0.048217509170330
8.3000000000000	0.26882873162470	-0.049232787575257
8.3100000000000	0.26851692141475	-0.050244978371111
8.3200000000000	0.26820043991653	-0.051254050847905
8.3300000000000	0.26787931910197	-0.052259974565463
8.3400000000000	0.26755359117531	-0.053262719354962
8.3500000000000	0.26722328857139	-0.054262255320479
8.3600000000000	0.26688844395406	-0.055258552840522
8.3700000000000	0.26654909021453	-0.056251582569567
8.3800000000000	0.26620526046965	-0.057241315439581
8.3900000000000	0.26585698806029	-0.058227722661550
8.4000000000000	0.26550430654964	-0.059210775726991
8.4100000000000	0.26514724972155	-0.060190446409468
8.4200000000000	0.26478585157883	-0.061166706766105
8.4300000000000	0.26442014634155	-0.062139529139084
8.4400000000000	0.26405016844535	-0.063108886157147
8.4500000000000	0.26367595253973	-0.064074750737093
8.4600000000000	0.26329753348634	-0.065037096085268
8.4700000000000	0.26291494635727	-0.065995895699050
8.4800000000000	0.26252822643329	-0.066951123368333
8.4900000000000	0.26213740920217	-0.067902753177003
8.5000000000000	0.26174253035691	-0.068850759504414
8.5100000000000	0.26134362579399	-0.069795117026852
8.5200000000000	0.26094073161165	-0.070735800719004
8.5300000000000	0.26053388410810	-0.071672785855420
8.5400000000000	0.26012311977979	-0.072606048011962
8.5500000000000	0.25970847531963	-0.073535563067265
8.5600000000000	0.25928998761519	-0.074461307204178
8.5700000000000	0.25886769374696	-0.075383256911213
8.5800000000000	0.25844163098654	-0.076301388983980
8.5900000000000	0.25801183679483	-0.077215680526628
8.6000000000000	0.25757834882028	-0.078126108953277
8.6100000000000	0.25714120489703	-0.079032651989438
8.6200000000000	0.25670044304312	-0.079935287673451
8.6300000000000	0.25625610145868	-0.080833994357891
8.6400000000000	0.25580821852408	-0.081728750710999
8.6500000000000	0.25535683279814	-0.082619535718081
8.6600000000000	0.25490198301623	-0.083506328682931
8.6700000000000	0.25444370808848	-0.084389109229226
8.6800000000000	0.25398204709790	-0.085267857301936
8.6900000000000	0.25351703929852	-0.086142553168719
8.7000000000000	0.25304872411354	-0.087013177421318
8.7100000000000	0.25257714113346	-0.087879710976951
8.7200000000000	0.25210233011417	-0.088742135079704
8.7300000000000	0.25162433097512	-0.089600431301914
8.7400000000000	0.25114318379735	-0.090454581545550
8.7500000000000	0.25065892882169	-0.091304568043595
8.7600000000000	0.25017160644676	-0.092150373361423
8.7700000000000	0.24968125722712	-0.092991980398168
8.7800000000000	0.24918792187132	-0.093829372388098
8.7900000000000	0.24869164123998	-0.094662532901980
8.8000000000000	0.24819245634387	-0.095491445848448
8.8100000000000	0.24769040834195	-0.096316095475359
8.8200000000000	0.24718553853943	-0.097136466371160
8.8300000000000	0.24667788838582	-0.097952543466235
8.8400000000000	0.24616749947294	-0.098764312034266
8.8500000000000	0.24565441353299	-0.099571757693583
8.8600000000000	0.24513867243655	-0.10037486640851
8.8700000000000	0.24462031819060	-0.10117362449071
8.8800000000000	0.24409939293652	-0.10196801860054
8.8900000000000	0.24357593894808	-0.10275803574837
8.9000000000000	0.24304999862947	-0.10354366329596
8.9100000000000	0.24252161451323	-0.10432488895776
8.9200000000000	0.24199082925828	-0.10510170080225
8.9300000000000	0.24145768564783	-0.10587408725330
8.9400000000000	0.24092222658740	-0.10664203709149
8.9500000000000	0.24038449510272	-0.10740553945540
8.9600000000000	0.23984453433769	-0.10816458384301
8.9700000000000	0.23930238755232	-0.10891916011295
8.9800000000000	0.23875809812066	-0.10966925848590
8.9900000000000	0.23821170952869	-0.11041486954583
9.0000000000000	0.23766326537225	-0.11115598424140
9.0100000000000	0.23711280935493	-0.11189259388721
9.0200000000000	0.23656038528597	-0.11262469016518
9.0300000000000	0.23600603707812	-0.11335226512580
9.0400000000000	0.23544980874553	-0.11407531118951
9.0500000000000	0.23489174440160	-0.11479382114797
9.0600000000000	0.23433188825683	-0.11550778816537
9.0700000000000	0.23377028461667	-0.11621720577978
9.0800000000000	0.23320697787936	-0.11692206790443
9.0900000000000	0.23264201253371	-0.11762236882900
9.1000000000000	0.23207543315699	-0.11831810322097
9.1100000000000	0.23150728441264	-0.11900926612689
9.1200000000000	0.23093761104812	-0.11969585297372
9.1300000000000	0.23036645789269	-0.12037785957010
9.1400000000000	0.22979386985514	-0.12105528210767
9.1500000000000	0.22921989192158	-0.12172811716236
9.1600000000000	0.22864456915320	-0.12239636169571
9.1700000000000	0.22806794668396	-0.12306001305617
9.1800000000000	0.22749006971837	-0.12371906898037
9.1900000000000	0.22691098352914	-0.12437352759444
9.2000000000000	0.22633073345495	-0.12502338741533
9.2100000000000	0.22574936489809	-0.12566864735205
9.2200000000000	0.22516692332214	-0.12630930670704
9.2300000000000	0.22458345424968	-0.12694536517739
9.2400000000000	0.22399900325988	-0.12757682285619
9.2500000000000	0.22341361598619	-0.12820368023381
9.2600000000000	0.22282733811393	-0.12882593819919
9.2700000000000	0.22224021537793	-0.12944359804112
9.2800000000000	0.22165229356012	-0.13005666144957
9.2900000000000	0.22106361848711	-0.13066513051695
9.3000000000000	0.22047423602777	-0.13126900773941
9.3100000000000	0.21988419209079	-0.13186829601813
9.3200000000000	0.21929353262222	-0.13246299866063
9.3300000000000	0.21870230360302	-0.13305311938204
9.3400000000000	0.21811055104653	-0.13363866230637
9.3500000000000	0.21751832099602	-0.13421963196786
9.3600000000000	0.21692565952214	-0.13479603331221
9.3700000000000	0.21633261272042	-0.13536787169791
9.3800000000000	0.21573922670871	-0.13593515289749
9.3900000000000	0.21514554762460	-0.13649788309882
9.4000000000000	0.21455162162287	-0.13705606890643
9.4100000000000	0.21395749487291	-0.13760971734274
9.4200000000000	0.21336321355605	-0.13815883584939
9.4300000000000	0.21276882386301	-0.13870343228849
9.4400000000000	0.21217437199120	-0.13924351494393
9.4500000000000	0.21157990414206	-0.13977909252265
9.4600000000000	0.21098546651844	-0.14031017415593
9.4700000000000	0.21039110532182	-0.14083676940067
9.4800000000000	0.20979686674966	-0.14135888824063
9.4900000000000	0.20920279699264	-0.14187654108779
9.5000000000000	0.20860894223191	-0.14238973878356
9.5100000000000	0.20801534863633	-0.14289849260008
9.5200000000000	0.20742206235967	-0.14340281424149
9.5300000000000	0.20682912953779	-0.14390271584522
9.5400000000000	0.20623659628584	-0.14439820998326
9.5500000000000	0.20564450869539	-0.14488930966339
9.5600000000000	0.20505291283156	-0.14537602833053
9.5700000000000	0.20446185473014	-0.14585837986792
9.5800000000000	0.20387138039469	-0.14633637859846
9.5900000000000	0.20328153579356	-0.14681003928592
9.6000000000000	0.20269236685700	-0.14727937713625
9.6100000000000	0.20210391947413	-0.14774440779881
9.6200000000000	0.20151623948998	-0.14820514736763
9.6300000000000	0.20092937270244	-0.14866161238268
9.6400000000000	0.20034336485925	-0.14911381983112
9.6500000000000	0.19975826165490	-0.14956178714855
9.6600000000000	0.19917410872757	-0.15000553222025
9.6700000000000	0.19859095165598	-0.15044507338245
9.6800000000000	0.19800883595629	-0.15088042942356
9.6900000000000	0.19742780707892	-0.15131161958538
9.7000000000000	0.19684791040538	-0.15173866356440
9.7100000000000	0.19626919124502	-0.15216158151299
9.7200000000000	0.19569169483184	-0.15258039404062
9.7300000000000	0.19511546632117	-0.15299512221513
9.7400000000000	0.19454055078647	-0.15340578756392
9.7500000000000	0.19396699321591	-0.15381241207516
9.7600000000000	0.19339483850911	-0.15421501819904
9.7700000000000	0.19282413147373	-0.15461362884894
9.7800000000000	0.19225491682208	-0.15500826740267
9.7900000000000	0.19168723916770	-0.15539895770364
9.8000000000000	0.19112114302192	-0.15578572406205
9.8100000000000	0.19055667279035	-0.15616859125612
9.8200000000000	0.18999387276939	-0.15654758453324
9.8300000000000	0.18943278714271	-0.15692272961112
9.8400000000000	0.18887345997762	-0.15729405267904
9.8500000000000	0.18831593522154	-0.15766158039894
9.8600000000000	0.18776025669835	-0.15802533990660
9.8700000000000	0.18720646810470	-0.15838535881280
9.8800000000000	0.18665461300636	-0.15874166520447
9.8900000000000	0.18610473483448	-0.15909428764580
9.9000000000000	0.18555687688185	-0.15944325517938
9.9100000000000	0.18501108229909	-0.15978859732731
9.9200000000000	0.18446739409086	-0.16013034409235
9.9300000000000	0.18392585511201	-0.16046852595895
9.9400000000000	0.18338650806365	-0.16080317389442
9.9500000000000	0.18284939548932	-0.16113431934996
9.9600000000000	0.18231455977095	-0.16146199426176
9.9700000000000	0.18178204312493	-0.16178623105204
9.9800000000000	0.18125188759808	-0.16210706263013
9.9900000000000	0.18072413506359	-0.16242452239351
10.000000000000	0.18019882721692	-0.16273864422880
10.010000000000	0.17967600557171	-0.16304946251282
10.020000000000	0.17915571145558	-0.16335701211361
10.030000000000	0.17863798600597	-0.16366132839136
10.040000000000	0.17812287016587	-0.16396244719944
10.050000000000	0.17761040467957	-0.16426040488539
10.060000000000	0.17710063008834	-0.16455523829181
10.070000000000	0.17659358672611	-0.16484698475733
10.080000000000	0.17608931471504	-0.16513568211757
10.090000000000	0.17558785396116	-0.16542136870598
10.100000000000	0.17508924414983	-0.16570408335481
10.110000000000	0.17459352474131	-0.16598386539592
10.120000000000	0.17410073496617	-0.16626075466170
10.130000000000	0.17361091382075	-0.16653479148586
10.140000000000	0.17312410006251	-0.16680601670432
10.150000000000	0.17264033220536	-0.16707447165598
10.160000000000	0.17215964851501	-0.16734019818349
10.170000000000	0.17168208700414	-0.16760323863408
10.180000000000	0.17120768542771	-0.16786363586028
10.190000000000	0.17073648127807	-0.16812143322064
10.200000000000	0.17026851178010	-0.16837667458047
10.210000000000	0.16980381388632	-0.16862940431251
10.220000000000	0.16934242427189	-0.16887966729760
10.230000000000	0.16888437932968	-0.16912750892535
10.240000000000	0.16842971516514	-0.16937297509472
10.250000000000	0.16797846759131	-0.16961611221465
10.260000000000	0.16753067212358	-0.16985696720465
10.270000000000	0.16708636397463	-0.17009558749529
10.280000000000	0.16664557804910	-0.17033202102880
10.290000000000	0.16620834893842	-0.17056631625949
10.300000000000	0.16577471091543	-0.17079852215430
10.310000000000	0.16534469792904	-0.17102868819318
10.320000000000	0.16491834359884	-0.17125686436953
10.330000000000	0.16449568120964	-0.17148310119061
10.340000000000	0.16407674370598	-0.17170744967784
10.350000000000	0.16366156368658	-0.17192996136719
10.360000000000	0.16325017339873	-0.17215068830942
10.370000000000	0.16284260473269	-0.17236968307039
10.380000000000	0.16243888921598	-0.17258699873125
10.390000000000	0.16203905800762	-0.17280268888868
10.400000000000	0.16164314189242	-0.17301680765501
10.410000000000	0.16125117127505	-0.17322940965838
10.420000000000	0.16086317617425	-0.17344055004282
10.430000000000	0.16047918621683	-0.17365028446831
10.440000000000	0.16009923063173	-0.17385866911081
10.450000000000	0.15972333824398	-0.17406576066221
10.460000000000	0.15935153746861	-0.17427161633030
10.470000000000	0.15898385630454	-0.17447629383867
10.480000000000	0.15862032232838	-0.17467985142656
10.490000000000	0.15826096268822	-0.17488234784870
10.500000000000	0.15790580409734	-0.17508384237507
10.510000000000	0.15755487282785	-0.17528439479063
10.520000000000	0.15720819470436	-0.17548406539503
10.530000000000	0.15686579509751	-0.17568291500226
10.540000000000	0.15652769891750	-0.17588100494022
10.550000000000	0.15619393060751	-0.17607839705030
10.560000000000	0.15586451413720	-0.17627515368686
10.570000000000	0.15553947299598	-0.17647133771674
10.580000000000	0.15521883018636	-0.17666701251858
10.590000000000	0.15490260821720	-0.17686224198225
10.600000000000	0.15459082909691	-0.17705709050815
10.610000000000	0.15428351432659	-0.17725162300639
10.620000000000	0.15398068489314	-0.17744590489609
10.630000000000	0.15368236126233	-0.17764000210444
10.640000000000	0.15338856337173	-0.17783398106582
10.650000000000	0.15309931062370	-0.17802790872085
10.660000000000	0.15281462187827	-0.17822185251532
10.670000000000	0.15253451544596	-0.17841588039914
10.680000000000	0.15225900908057	-0.17861006082519
10.690000000000	0.15198811997191	-0.17880446274807
10.700000000000	0.15172186473847	-0.17899915562290
10.710000000000	0.15146025942006	-0.17919420940392
10.720000000000	0.15120331947034	-0.17938969454317
10.730000000000	0.15095105974939	-0.17958568198893
10.740000000000	0.15070349451615	-0.17978224318427
10.750000000000	0.15046063742081	-0.17997945006545
10.760000000000	0.15022250149721	-0.18017737506018
10.770000000000	0.14998909915510	-0.18037609108599
10.780000000000	0.14976044217246	-0.18057567154832
10.790000000000	0.14953654168762	-0.18077619033874
10.800000000000	0.14931740819147	-0.18097772183290
10.810000000000	0.14910305151954	-0.18118034088859
10.820000000000	0.14889348084404	-0.18138412284357
10.830000000000	0.14868870466583	-0.18158914351343
10.840000000000	0.14848873080642	-0.18179547918929
10.850000000000	0.14829356639980	-0.18200320663553
10.860000000000	0.14810321788429	-0.18221240308729
10.870000000000	0.14791769099437	-0.18242314624801
10.880000000000	0.14773699075235	-0.18263551428684
10.890000000000	0.14756112146009	-0.18284958583597
10.900000000000	0.14739008669066	-0.18306543998787
10.910000000000	0.14722388927985	-0.18328315629244
10.920000000000	0.14706253131776	-0.18350281475407
10.930000000000	0.14690601414028	-0.18372449582864
10.940000000000	0.14675433832050	-0.18394828042039
10.950000000000	0.14660750366011	-0.18417424987872
10.960000000000	0.14646550918073	-0.18440248599487
10.970000000000	0.14632835311521	-0.18463307099853
10.980000000000	0.14619603289884	-0.18486608755438
10.990000000000	0.14606854516057	-0.18510161875843
11.000000000000	0.14594588571415	-0.18533974813440
11.010000000000	0.14582804954922	-0.18558055962987
11.020000000000	0.14571503082235	-0.18582413761242
11.030000000000	0.14560682284806	-0.18607056686562
11.040000000000	0.14550341808978	-0.18631993258490
11.050000000000	0.14540480815076	-0.18657232037339
11.060000000000	0.14531098376492	-0.18682781623756
11.070000000000	0.14522193478773	-0.18708650658281
11.080000000000	0.14513765018691	-0.18734847820890
11.090000000000	0.14505811803324	-0.18761381830535
11.100000000000	0.14498332549122	-0.18788261444662
11.110000000000	0.14491325880974	-0.18815495458728
11.120000000000	0.14484790331266	-0.18843092705693
11.130000000000	0.14478724338945	-0.18871062055520
11.140000000000	0.14473126248564	-0.18899412414639
11.150000000000	0.14467994309338	-0.18928152725419
11.160000000000	0.14463326674185	-0.18957291965618
11.170000000000	0.14459121398771	-0.18986839147821
11.180000000000	0.14455376440544	-0.19016803318867
11.190000000000	0.14452089657774	-0.19047193559265
11.200000000000	0.14449258808577	-0.19078018982591
11.210000000000	0.14446881549947	-0.19109288734881
11.220000000000	0.14444955436780	-0.19141011994001
11.230000000000	0.14443477920890	-0.19173197969012
11.240000000000	0.14442446350031	-0.19205855899515
11.250000000000	0.14441857966908	-0.19238995054987
11.260000000000	0.14441709908192	-0.19272624734101
11.270000000000	0.14441999203521	-0.19306754264029
11.280000000000	0.14442722774514	-0.19341392999741
11.290000000000	0.14443877433765	-0.19376550323273
11.300000000000	0.14445459883850	-0.19412235643001
11.310000000000	0.14447466716319	-0.19448458392879
11.320000000000	0.14449894410692	-0.19485228031680
11.330000000000	0.14452739333452	-0.19522554042211
11.340000000000	0.14455997737035	-0.19560445930518
11.350000000000	0.14459665758818	-0.19598913225074
11.360000000000	0.14463739420101	-0.19637965475950
11.370000000000	0.14468214625097	-0.19677612253973
11.380000000000	0.14473087159909	-0.19717863149868
11.390000000000	0.14478352691512	-0.19758727773382
11.400000000000	0.14484006766734	-0.19800215752391
11.410000000000	0.14490044811226	-0.19842336731998
11.420000000000	0.14496462128447	-0.19885100373604
11.430000000000	0.14503253898633	-0.19928516353966
11.440000000000	0.14510415177769	-0.19972594364248
11.450000000000	0.14517940896568	-0.20017344109035
11.460000000000	0.14525825859436	-0.20062775305351
11.470000000000	0.14534064743447	-0.20108897681644
11.480000000000	0.14542652097312	-0.20155720976762
11.490000000000	0.14551582340350	-0.20203254938905
11.500000000000	0.14560849761456	-0.20251509324568
11.510000000000	0.14570448518072	-0.20300493897456
11.520000000000	0.14580372635158	-0.20350218427388
11.530000000000	0.14590616004160	-0.20400692689178
11.540000000000	0.14601172381978	-0.20451926461498
11.550000000000	0.14612035389942	-0.20503929525728
11.560000000000	0.14623198512780	-0.20556711664778
11.570000000000	0.14634655097591	-0.20610282661896
11.580000000000	0.14646398352818	-0.20664652299457
11.590000000000	0.14658421347222	-0.20719830357732
11.600000000000	0.14670717008859	-0.20775826613633
11.610000000000	0.14683278124056	-0.20832650839444
11.620000000000	0.14696097336388	-0.20890312801531
11.630000000000	0.14709167145664	-0.20948822259027
11.640000000000	0.14722479906904	-0.21008188962502
11.650000000000	0.14736027829329	-0.21068422652608
11.660000000000	0.14749802975343	-0.21129533058708
11.670000000000	0.14763797259527	-0.21191529897479
11.680000000000	0.14778002447631	-0.21254422871497
11.690000000000	0.14792410155570	-0.21318221667798
11.700000000000	0.14807011848420	-0.21382935956421
11.710000000000	0.14821798839426	-0.21448575388925
11.720000000000	0.14836762289002	-0.21515149596888
11.730000000000	0.14851893203746	-0.21582668190379
11.740000000000	0.14867182435450	-0.21651140756413
11.750000000000	0.14882620680121	-0.21720576857380
11.760000000000	0.14898198477002	-0.21790986029449
11.770000000000	0.14913906207600	-0.21862377780958
11.780000000000	0.14929734094718	-0.21934761590768
11.790000000000	0.14945672201493	-0.22008146906604
11.800000000000	0.14961710430439	-0.22082543143367
11.810000000000	0.14977838522495	-0.22157959681425
11.820000000000	0.14994046056081	-0.22234405864877
11.830000000000	0.15010322446156	-0.22311890999796
11.840000000000	0.15026656943288	-0.22390424352443
11.850000000000	0.15043038632726	-0.22470015147462
11.860000000000	0.15059456433481	-0.22550672566046
11.870000000000	0.15075899097414	-0.22632405744078
11.880000000000	0.15092355208334	-0.22715223770251
11.890000000000	0.15108813181094	-0.22799135684153
11.900000000000	0.15125261260712	-0.22884150474340
11.910000000000	0.15141687521483	-0.22970277076367
11.920000000000	0.15158079866110	-0.23057524370807
11.930000000000	0.15174426024841	-0.23145901181237
11.940000000000	0.15190713554615	-0.23235416272194
11.950000000000	0.15206929838217	-0.23326078347109
11.960000000000	0.15223062083448	-0.23417896046217
11.970000000000	0.15239097322294	-0.23510877944429
11.980000000000	0.15255022410116	-0.23605032549187
11.990000000000	0.15270824024850	-0.23700368298282
12.000000000000	0.15286488666209	-0.23796893557656
12.010000000000	0.15302002654908	-0.23894616619158
12.020000000000	0.15317352131894	-0.23993545698291
12.030000000000	0.15332523057588	-0.24093688931915
12.040000000000	0.15347501211146	-0.24195054375928
12.050000000000	0.15362272189722	-0.24297650002915
12.060000000000	0.15376821407759	-0.24401483699770
12.070000000000	0.15391134096276	-0.24506563265287
12.080000000000	0.15405195302187	-0.24612896407718
12.090000000000	0.15418989887621	-0.24720490742304
12.100000000000	0.15432502529264	-0.24829353788775
12.110000000000	0.15445717717715	-0.24939492968819
12.120000000000	0.15458619756853	-0.25050915603516
12.130000000000	0.15471192763230	-0.25163628910747
12.140000000000	0.15483420665473	-0.25277640002566
12.150000000000	0.15495287203700	-0.25392955882542
12.160000000000	0.15506775928968	-0.25509583443070
12.170000000000	0.15517870202723	-0.25627529462646
12.180000000000	0.15528553196275	-0.25746800603113
12.190000000000	0.15538807890296	-0.25867403406872
12.200000000000	0.15548617074331	-0.25989344294055
12.210000000000	0.15557963346333	-0.26112629559676
12.220000000000	0.15566829112217	-0.26237265370736
12.230000000000	0.15575196585434	-0.26363257763299
12.240000000000	0.15583047786571	-0.26490612639536
12.250000000000	0.15590364542968	-0.26619335764726
12.260000000000	0.15597128488360	-0.26749432764231
12.270000000000	0.15603321062543	-0.26880909120431
12.280000000000	0.15608923511065	-0.27013770169619
12.290000000000	0.15613916884937	-0.27148021098873
12.300000000000	0.15618282040375	-0.27283666942874
12.310000000000	0.15621999638563	-0.27420712580702
12.320000000000	0.15625050145446	-0.27559162732588
12.330000000000	0.15627413831549	-0.27699021956631
12.340000000000	0.15629070771821	-0.27840294645474
12.350000000000	0.15630000845514	-0.27982985022947
12.360000000000	0.15630183736087	-0.28127097140667
12.370000000000	0.15629598931138	-0.28272634874607
12.380000000000	0.15628225722371	-0.28419601921613
12.390000000000	0.15626043205595	-0.28568001795896
12.400000000000	0.15623030280752	-0.28717837825477
12.410000000000	0.15619165651977	-0.28869113148592
12.420000000000	0.15614427827699	-0.29021830710060
12.430000000000	0.15608795120772	-0.29175993257608
12.440000000000	0.15602245648639	-0.29331603338157
12.450000000000	0.15594757333539	-0.29488663294066
12.460000000000	0.15586307902748	-0.29647175259337
12.470000000000	0.15576874888858	-0.29807141155774
12.480000000000	0.15566435630099	-0.29968562689102
12.490000000000	0.15554967270695	-0.30131441345048
12.500000000000	0.15542446761268	-0.30295778385373
12.510000000000	0.15528850859283	-0.30461574843865
12.520000000000	0.15514156129533	-0.30628831522289
12.530000000000	0.15498338944670	-0.30797548986291
12.540000000000	0.15481375485787	-0.30967727561261
12.550000000000	0.15463241743038	-0.31139367328152
12.560000000000	0.15443913516314	-0.31312468119254
12.570000000000	0.15423366415963	-0.31487029513922
12.580000000000	0.15401575863562	-0.31663050834264
12.590000000000	0.15378517092741	-0.31840531140779
12.600000000000	0.15354165150061	-0.32019469227955
12.610000000000	0.15328494895943	-0.32199863619815
12.620000000000	0.15301481005657	-0.32381712565425
12.630000000000	0.15273097970363	-0.32565014034351
12.640000000000	0.15243320098213	-0.32749765712072
12.650000000000	0.15212121515518	-0.32935964995347
12.660000000000	0.15179476167960	-0.33123608987535
12.670000000000	0.15145357821890	-0.33312694493869
12.680000000000	0.15109740065669	-0.33503218016687
12.690000000000	0.15072596311087	-0.33695175750606
12.700000000000	0.15033899794849	-0.33888563577663
