freq	mu_Re	mu_Im
2.7000000000000	4.5010681428945	30.162601928628
2.7100000000000	4.1905627185882	29.948501578974
2.7200000000000	3.8891154697486	29.727745612292
2.7300000000000	3.5968731038164	29.500841033033
2.7400000000000	3.3139497700863	29.268292048105
2.7500000000000	3.0404281802548	29.030597801068
2.7600000000000	2.7763608843895	28.788250281730
2.7700000000000	2.5217716783957	28.541732419198
2.7800000000000	2.2766571193290	28.291516363405
2.7900000000000	2.0409881255353	28.038061957226
2.8000000000000	1.8147116395592	27.781815398666
2.8100000000000	1.5977523329793	27.523208090269
2.8200000000000	1.3900143337621	27.262655670792
2.8300000000000	1.1913829583081	27.000557222447
2.8400000000000	1.0017264320630	26.737294645528
2.8500000000000	0.82089758431892	26.473232191052
2.8600000000000	0.64873550460618	26.208716141141
2.8700000000000	0.48506714984008	25.944074626228
2.8800000000000	0.32970889309686	25.679617567746
2.8900000000000	0.18246800653741	25.415636734777
2.9000000000000	0.043144072549421	25.152405903114
2.9100000000000	-0.088469681380562	24.890181105362
2.9200000000000	-0.21258512722274	24.629200960993
2.9300000000000	-0.32941806234639	24.369687075674
2.9400000000000	-0.43918711772858	24.111844499695
2.9500000000000	-0.54211274836228	23.855862235899
2.9600000000000	-0.63841630497131	23.601913788134
2.9700000000000	-0.72831918543492	23.350157741902
2.9800000000000	-0.81204206373366	23.100738369560
2.9900000000000	-0.88980419374257	22.853786253108
3.0000000000000	-0.96182278481025	22.609418918271
3.0100000000000	-1.0283124457651	22.367741474232
3.0200000000000	-1.0894846937701	22.128847254042
3.0300000000000	-1.1455475243038	21.892818451279
3.0400000000000	-1.1967050384585	21.659726749175
3.0500000000000	-1.2431571237194	21.429633938914
3.0600000000000	-1.2850991844049	21.202592524317
3.0700000000000	-1.3227219180042	20.978646310619
3.0800000000000	-1.3562111337373	20.757830975412
3.0900000000000	-1.3857476097792	20.540174620263
3.1000000000000	-1.4115069857233	20.325698301825
3.1100000000000	-1.4336596870119	20.114416541589
3.1200000000000	-1.4523708782259	19.906337813684
3.1300000000000	-1.4678004422950	19.701465010378
3.1400000000000	-1.4801029828655	19.499795885151
3.1500000000000	-1.4894278472397	19.301323473388
3.1600000000000	-1.4959191674780	19.106036490888
3.1700000000000	-1.4997159174266	18.913919710528
3.1800000000000	-1.5009519836049	18.724954317540
3.1900000000000	-1.4997562480498	18.539118243918
3.2000000000000	-1.4962526813725	18.356386482590
3.2100000000000	-1.4905604444330	18.176731382010
3.2200000000000	-1.4827939971819	18.000122921889
3.2300000000000	-1.4730632133531	17.826528970818
3.2400000000000	-1.4614734998183	17.655915526541
3.2500000000000	-1.4481259195335	17.488246939670
3.2600000000000	-1.4331173171194	17.323486121623
3.2700000000000	-1.4165404462173	17.161594737567
3.2800000000000	-1.3984840978621	17.002533385144
3.2900000000000	-1.3790332291991	16.846261759744
3.3000000000000	-1.3582690919504	16.692738807075
3.3100000000000	-1.3362693601164	16.541922863745
3.3200000000000	-1.3131082564593	16.393771786572
3.3300000000000	-1.2888566773816	16.248243071304
3.3400000000000	-1.2635823158650	16.105293961393
3.3500000000000	-1.2373497821896	15.964881547460
3.3600000000000	-1.2102207221955	15.826962858049
3.3700000000000	-1.1822539328917	15.691494942243
3.3800000000000	-1.1535054752543	15.558434944694
3.3900000000000	-1.1240287840880	15.427740173575
3.4000000000000	-1.0938747748546	15.299368161954
3.4100000000000	-1.0630919473997	15.173276723049
3.4200000000000	-1.0317264865282	15.049423999811
3.4300000000000	-0.99982235940503	14.927768509236
3.4400000000000	-0.96742140976915	14.808269181815
3.4500000000000	-0.93456344897007	14.690885396466
3.4600000000000	-0.90128634384519	14.575577011307
3.4700000000000	-0.86762610147097	14.462304390589
3.4800000000000	-0.83361695082871	14.351028428092
3.4900000000000	-0.79929142143613	14.241710567257
3.5000000000000	-0.76468041900101	14.134312818330
3.5100000000000	-0.72981329816072	14.028797772761
3.5200000000000	-0.69471793237546	13.925128615081
3.5300000000000	-0.65942078104672	13.823269132474
3.5400000000000	-0.62394695393632	13.723183722250
3.5500000000000	-0.58832027296253	13.624837397390
3.5600000000000	-0.55256333145238	13.528195790344
3.5700000000000	-0.51669755092962	13.433225155242
3.5800000000000	-0.48074323551846	13.339892368658
3.5900000000000	-0.44471962404343	13.248164929069
3.6000000000000	-0.40864493990532	13.158010955133
3.6100000000000	-0.37253643881219	13.069399182905
3.6200000000000	-0.33641045444416	12.982298962092
3.6300000000000	-0.30028244212898	12.896680251462
3.6400000000000	-0.26416702060388	12.812513613476
3.6500000000000	-0.22807801193862	12.729770208244
3.6600000000000	-0.19202847969165	12.648421786883
3.6700000000000	-0.15603076537084	12.568440684329
3.6800000000000	-0.12009652326698	12.489799811699
3.6900000000000	-0.084236753727920	12.412472648230
3.7000000000000	-0.048461834937783	12.336433232879
3.7100000000000	-0.012781553264486	12.261656155605
3.7200000000000	0.022794867763157	12.188116548411
3.7300000000000	0.058258739790320	12.115790076155
3.7400000000000	0.093601883225340	12.044652927196
3.7500000000000	0.12881660202876	11.974681803881
3.7600000000000	0.16389565964910	11.905853912935
3.7700000000000	0.19883225605401	11.838146955755
3.7800000000000	0.23362000580823	11.771539118646
3.7900000000000	0.26825291715063	11.706009063023
3.8000000000000	0.30272537202520	11.641535915588
3.8100000000000	0.33703210702228	11.578099258516
3.8200000000000	0.37116819518827	11.515679119645
3.8300000000000	0.40512902866355	11.454255962707
3.8400000000000	0.43891030211021	11.393810677590
3.8500000000000	0.47250799689275	11.334324570660
3.8600000000000	0.50591836597628	11.275779355129
3.8700000000000	0.53913791950850	11.218157141505
3.8800000000000	0.57216341105312	11.161440428105
3.8900000000000	0.60499182444376	11.105612091641
3.9000000000000	0.63762036122884	11.050655377897
3.9100000000000	0.67004642867907	10.996553892471
3.9200000000000	0.70226762833099	10.943291591612
3.9300000000000	0.73428174504038	10.890852773131
3.9400000000000	0.76608673652174	10.839222067391
3.9500000000000	0.79768072335013	10.788384428374
3.9600000000000	0.82906197940355	10.738325124819
3.9700000000000	0.86022892272519	10.689029731432
3.9800000000000	0.89118010678549	10.640484120151
3.9900000000000	0.92191421212574	10.592674451465
4.0000000000000	0.95243003836590	10.545587165790
4.0100000000000	0.98272649656008	10.499208974864
4.0200000000000	1.0128026018852	10.453526853181
4.0300000000000	1.0426574666486	10.408528029434
4.0400000000000	1.0722902936024	10.364199977961
4.0500000000000	1.1017003695536	10.320530410174
4.0600000000000	1.1308870592596	10.277507265955
4.0700000000000	1.1598497996020	10.235118705018
4.0800000000000	1.1885880940313	10.193353098184
4.0900000000000	1.2171015072783	10.152199018580
4.1000000000000	1.2453896603294	10.111645232722
4.1100000000000	1.2734522256664	10.071680691460
4.1200000000000	1.3012889227709	10.032294520753
4.1300000000000	1.3288995139010	9.9934760122512
4.1400000000000	1.3562838001463	9.9552146136415
4.1500000000000	1.3834416177757	9.9174999187312
4.1600000000000	1.4103728348918	9.8803216572173
4.1700000000000	1.4370773484156	9.8436696841069
4.1800000000000	1.4635550814281	9.8075339687354
4.1900000000000	1.4898059809017	9.7719045833341
4.2000000000000	1.5158300158646	9.7367716910872
4.2100000000000	1.5416271760479	9.7021255336194
4.2200000000000	1.5671974710786	9.6679564178473
4.2300000000000	1.5925409302895	9.6342547021219
4.2400000000000	1.6176576032379	9.6010107815863
4.2500000000000	1.6425475610362	9.5682150726671
4.2600000000000	1.6672108986215	9.5358579966111
4.2700000000000	1.6916477381116	9.5039299619768
4.2800000000000	1.7158582334258	9.4724213459840
4.2900000000000	1.7398425763772	9.4413224746259
4.3000000000000	1.7636010044841	9.4106236014392
4.3100000000000	1.7871338107892	9.3803148848434
4.3200000000000	1.8104413560297	9.3503863639484
4.3300000000000	1.8335240835570	9.3208279327552
4.3400000000000	1.8563825374796	9.2916293126814
4.3500000000000	1.8790173845765	9.2627800233745
4.3600000000000	1.9014294406271	9.2342693518095
4.3700000000000	1.9236197019070	9.2060863197231
4.3800000000000	1.9455893827185	9.1782196495101
4.3900000000000	1.9673399599661	9.1506577288012
4.4000000000000	1.9888732259361	9.1233885740835
4.4100000000000	2.0101913506094	9.0963997938874
4.4200000000000	2.0312969550204	9.0696785523043
4.4300000000000	2.0521931973649	9.0432115338879
4.4400000000000	2.0728838737557	9.0169849113771
4.4500000000000	2.0933735357110	8.9909843181646
4.4600000000000	2.1136676266168	8.9651948280457
4.4700000000000	2.1337726395148	8.9396009455603
4.4800000000000	2.1536962985727	8.9141866111758
4.4900000000000	2.1734477664656	8.8889352267377
4.5000000000000	2.1930378795447	8.8638297079996
4.5100000000000	2.2124794119761	8.8388525727023
4.5200000000000	2.2317873689272	8.8139860745678
4.5300000000000	2.2509793070928	8.7892123956995
4.5400000000000	2.2700756782873	8.7645139121271
4.5500000000000	2.2891001881515	8.7398735494619
4.5600000000000	2.3080801570062	8.7152752475572
4.5700000000000	2.3270468632535	8.6907045542477
4.5800000000000	2.3460358412434	8.6661493680659
4.5900000000000	2.3650870951415	8.6416008473986
4.6000000000000	2.3842451782406	8.6170544976843
4.6100000000000	2.4035590740062	8.5925114375947
4.6200000000000	2.4230818023483	8.5679798280788
4.6300000000000	2.4428696644457	8.5434764233346
4.6400000000000	2.4629810355148	8.5190281693048
4.6500000000000	2.4834746218855	8.4946737337169
4.6600000000000	2.5044071223392	8.4704648046716
4.6700000000000	2.5258302794869	8.4464669483235
4.6800000000000	2.5477873789153	8.4227597802423
4.6900000000000	2.5703093514732	8.3994361933004
4.7000000000000	2.5934107498145	8.3766004132455
4.7100000000000	2.6170859869157	8.3543647353695
4.7200000000000	2.6413063149126	8.3328449380156
4.7300000000000	2.6660180546656	8.3121545626373
4.7400000000000	2.6911425300810	8.2923984682973
4.7500000000000	2.7165780015025	8.2736662655434
4.7600000000000	2.7422036404936	8.2560263565972
4.7700000000000	2.7678852857234	8.2395213098805
4.7800000000000	2.7934824316177	8.2241651576158
4.7900000000000	2.8188556981803	8.2099429445119
4.8000000000000	2.8438739634959	8.1968125285430
4.8100000000000	2.8684204244836	8.1847083166381
4.8200000000000	2.8923970595201	8.1735463788077
4.8300000000000	2.9157272412885	8.1632302671991
4.8400000000000	2.9383565231998	8.1536568783137
4.8500000000000	2.9602518432098	8.1447218111217
4.8600000000000	2.9813995248588	8.1363238468255
4.8700000000000	3.0018025032282	8.1283683614111
4.8800000000000	3.0214771793952	8.1207696443285
4.8900000000000	3.0404502365610	8.1134522158539
4.9000000000000	3.0587556602305	8.1063513069998
4.9100000000000	3.0764321141213	8.0994126948631
4.9200000000000	3.0935207456841	8.0925920838628
4.9300000000000	3.1100634359488	8.0858542012534
4.9400000000000	3.1261014684547	8.0791717437754
4.9500000000000	3.1416745687346	8.0725242787664
4.9600000000000	3.1568202554031	8.0658971721425
4.9700000000000	3.1715734424201	8.0592805896898
4.9800000000000	3.1859662361684	8.0526685978366
4.9900000000000	3.2000278779797	8.0460583751964
5.0000000000000	3.2137847908652	8.0394495359404
5.0100000000000	3.2272606972566	8.0328435595199
5.0200000000000	3.2404767819052	8.0262433174870
5.0300000000000	3.2534518804187	8.0196526863749
5.0400000000000	3.2662026791226	8.0130762351259
5.0500000000000	3.2787439161144	8.0065189759424
5.0600000000000	3.2910885766152	7.9999861682889
5.0700000000000	3.3032480781813	7.9934831668837
5.0800000000000	3.3152324431506	7.9870153056933
5.0900000000000	3.3270504570155	7.9805878111040
5.1000000000000	3.3387098123268	7.9742057385158
5.1100000000000	3.3502172383592	7.9678739275725
5.1200000000000	3.3615786171699	7.9615969720786
5.1300000000000	3.3727990869253	7.9553792013820
5.1400000000000	3.3838831334965	7.9492246706064
5.1500000000000	3.3948346713771	7.9431371576310
5.1600000000000	3.4056571149668	7.9371201651346
5.1700000000000	3.4163534412281	7.9311769263670
5.1800000000000	3.4269262446621	7.9253104135927
5.1900000000000	3.4373777854756	7.9195233483807
5.2000000000000	3.4477100317360	7.9138182130965
5.2100000000000	3.4579246962329	7.9081972631009
5.2200000000000	3.4680232686895	7.9026625392774
5.2300000000000	3.4780070438969	7.8972158806038
5.2400000000000	3.4878771462801	7.8918589365556
5.2500000000000	3.4976345513417	7.8865931791904
5.2600000000000	3.5072801043790	7.8814199148027
5.2700000000000	3.5168145368202	7.8763402950793
5.2800000000000	3.5262384804822	7.8713553277079
5.2900000000000	3.5355524800153	7.8664658864155
5.3000000000000	3.5447570037662	7.8616727204274
5.3100000000000	3.5538524532613	7.8569764633492
5.3200000000000	3.5628391714871	7.8523776414831
5.3300000000000	3.5717174501196	7.8478766815972
5.3400000000000	3.5804875358393	7.8434739181679
5.3500000000000	3.5891496358452	7.8391696001197
5.3600000000000	3.5977039226727	7.8349638970908
5.3700000000000	3.6061505384015	7.8308569052475
5.3800000000000	3.6144895983320	7.8268486526781
5.3900000000000	3.6227211941972	7.8229391043893
5.4000000000000	3.6308453969689	7.8191281669341
5.4100000000000	3.6388622593091	7.8154156926936
5.4200000000000	3.6467718177117	7.8118014838375
5.4300000000000	3.6545740943735	7.8082852959863
5.4400000000000	3.6622690988283	7.8048668415953
5.4500000000000	3.6698568293739	7.8015457930822
5.4600000000000	3.6773372743185	7.7983217857152
5.4700000000000	3.6847104130687	7.7951944202806
5.4800000000000	3.6919762170793	7.7921632655455
5.4900000000000	3.6991346506823	7.7892278605319
5.5000000000000	3.7061856718109	7.7863877166148
5.5100000000000	3.7131292326301	7.7836423194588
5.5200000000000	3.7199652800886	7.7809911308048
5.5300000000000	3.7266937563989	7.7784335901185
5.5400000000000	3.7333145994579	7.7759691161100
5.5500000000000	3.7398277432128	7.7735971081363
5.5600000000000	3.7462331179820	7.7713169474931
5.5700000000000	3.7525306507352	7.7691279986064
5.5800000000000	3.7587202653392	7.7670296101293
5.5900000000000	3.7648018827728	7.7650211159539
5.6000000000000	3.7707754213169	7.7631018361412
5.6100000000000	3.7766407967215	7.7612710777785
5.6200000000000	3.7823979223540	7.7595281357677
5.6300000000000	3.7880467093308	7.7578722935496
5.6400000000000	3.7935870666358	7.7563028237704
5.6500000000000	3.7990189012261	7.7548189888935
5.6600000000000	3.8043421181294	7.7534200417609
5.6700000000000	3.8095566205321	7.7521052261079
5.6800000000000	3.8146623098611	7.7508737770351
5.6900000000000	3.8196590858609	7.7497249214405
5.7000000000000	3.8245468466656	7.7486578784136
5.7100000000000	3.8293254888681	7.7476718595966
5.7200000000000	3.8339949075872	7.7467660695131
5.7300000000000	3.8385549965328	7.7459397058675
5.7400000000000	3.8430056480700	7.7451919598171
5.7500000000000	3.8473467532835	7.7445220162195
5.7600000000000	3.8515782020416	7.7439290538560
5.7700000000000	3.8556998830608	7.7434122456338
5.7800000000000	3.8597116839722	7.7429707587680
5.7900000000000	3.8636134913878	7.7426037549455
5.8000000000000	3.8674051909699	7.7423103904712
5.8100000000000	3.8710866675014	7.7420898163986
5.8200000000000	3.8746578049583	7.7419411786465
5.8300000000000	3.8781184865847	7.7418636181009
5.8400000000000	3.8814685949703	7.7418562707053
5.8500000000000	3.8847080121297	7.7419182675399
5.8600000000000	3.8878366195853	7.7420487348892
5.8700000000000	3.8908542984520	7.7422467943006
5.8800000000000	3.8937609295255	7.7425115626341
5.8900000000000	3.8965563933730	7.7428421521033
5.9000000000000	3.8992405704266	7.7432376703100
5.9100000000000	3.9018133410802	7.7436972202705
5.9200000000000	3.9042745857888	7.7442199004370
5.9300000000000	3.9066241851711	7.7448048047127
5.9400000000000	3.9088620201149	7.7454510224620
5.9500000000000	3.9109879718857	7.7461576385162
5.9600000000000	3.9130019222376	7.7469237331747
5.9700000000000	3.9149037535278	7.7477483822032
5.9800000000000	3.9166933488340	7.7486306568279
5.9900000000000	3.9183705920744	7.7495696237277
6.0000000000000	3.9199353681304	7.7505643450230
6.0100000000000	3.9213875629725	7.7516138782632
6.0200000000000	3.9227270637892	7.7527172764121
6.0300000000000	3.9239537591180	7.7538735878318
6.0400000000000	3.9250675389793	7.7550818562656
6.0500000000000	3.9260682950139	7.7563411208196
6.0600000000000	3.9269559206216	7.7576504159448
6.0700000000000	3.9277303111035	7.7590087714174
6.0800000000000	3.9283913638065	7.7604152123202
6.0900000000000	3.9289389782702	7.7618687590234
6.1000000000000	3.9293730563767	7.7633684271665
6.1100000000000	3.9296935025016	7.7649132276400
6.1200000000000	3.9299002236692	7.7665021665683
6.1300000000000	3.9299931297078	7.7681342452937
6.1400000000000	3.9299721334093	7.7698084603615
6.1500000000000	3.9298371506893	7.7715238035058
6.1600000000000	3.9295881007501	7.7732792616383
6.1700000000000	3.9292249062457	7.7750738168369
6.1800000000000	3.9287474934484	7.7769064463378
6.1900000000000	3.9281557924177	7.7787761225287
6.2000000000000	3.9274497371708	7.7806818129443
6.2100000000000	3.9266292658547	7.7826224802640
6.2200000000000	3.9256943209203	7.7845970823123
6.2300000000000	3.9246448492981	7.7866045720618
6.2400000000000	3.9234808025750	7.7886438976379
6.2500000000000	3.9222021371730	7.7907140023279
6.2600000000000	3.9208088145293	7.7928138245914
6.2700000000000	3.9193008012773	7.7949422980749
6.2800000000000	3.9176780694293	7.7970983516286
6.2900000000000	3.9159405965597	7.7992809093273
6.3000000000000	3.9140883659902	7.8014888904939
6.3100000000000	3.9121213669753	7.8037212097265
6.3200000000000	3.9100395948882	7.8059767769294
6.3300000000000	3.9078430514093	7.8082544973472
6.3400000000000	3.9055317447130	7.8105532716025
6.3500000000000	3.9031056896571	7.8128719957380
6.3600000000000	3.9005649079719	7.8152095612618
6.3700000000000	3.8979094284495	7.8175648551969
6.3800000000000	3.8951392871338	7.8199367601347
6.3900000000000	3.8922545275108	7.8223241542923
6.4000000000000	3.8892552006988	7.8247259115740
6.4100000000000	3.8861413656387	7.8271409016373
6.4200000000000	3.8829130892841	7.8295679899628
6.4300000000000	3.8795704467918	7.8320060379282
6.4400000000000	3.8761135217108	7.8344539028872
6.4500000000000	3.8725424061725	7.8369104382522
6.4600000000000	3.8688572010789	7.8393744935819
6.4700000000000	3.8650580162914	7.8418449146730
6.4800000000000	3.8611449708178	7.8443205436566
6.4900000000000	3.8571181929993	7.8468002190992
6.5000000000000	3.8529778206962	7.8492827761077
6.5100000000000	3.8487240014724	7.8517670464404
6.5200000000000	3.8443568927790	7.8542518586206
6.5300000000000	3.8398766621362	7.8567360380569
6.5400000000000	3.8352834873142	7.8592184071664
6.5500000000000	3.8305775565124	7.8616977855041
6.5600000000000	3.8257590685365	7.8641729898955
6.5700000000000	3.8208282329743	7.8666428345754
6.5800000000000	3.8157852703697	7.8691061313301
6.5900000000000	3.8106304123938	7.8715616896454
6.6000000000000	3.8053639020150	7.8740083168581
6.6100000000000	3.7999859936654	7.8764448183133
6.6200000000000	3.7944969534061	7.8788699975258
6.6300000000000	3.7888970590892	7.8812826563463
6.6400000000000	3.7831866005168	7.8836815951321
6.6500000000000	3.7773658795983	7.8860656129226
6.6600000000000	3.7714352105033	7.8884335076193
6.6700000000000	3.7653949198127	7.8907840761704
6.6800000000000	3.7592453466657	7.8931161147598
6.6900000000000	3.7529868429036	7.8954284190008
6.7000000000000	3.7466197732107	7.8977197841340
6.7100000000000	3.7401445152506	7.8999890052300
6.7200000000000	3.7335614597998	7.9022348773956
6.7300000000000	3.7268710108764	7.9044561959852
6.7400000000000	3.7200735858657	7.9066517568161
6.7500000000000	3.7131696156409	7.9088203563877
6.7600000000000	3.7061595446801	7.9109607921052
6.7700000000000	3.6990438311786	7.9130718625068
6.7800000000000	3.6918229471567	7.9151523674957
6.7900000000000	3.6844973785630	7.9172011085746
6.8000000000000	3.6770676253728	7.9192168890858
6.8100000000000	3.6695342016818	7.9211985144530
6.8200000000000	3.6618976357942	7.9231447924284
6.8300000000000	3.6541584703066	7.9250545333419
6.8400000000000	3.6463172621858	7.9269265503552
6.8500000000000	3.6383745828420	7.9287596597173
6.8600000000000	3.6303310181956	7.9305526810248
6.8700000000000	3.6221871687392	7.9323044374850
6.8800000000000	3.6139436495936	7.9340137561805
6.8900000000000	3.6056010905580	7.9356794683388
6.9000000000000	3.5971601361546	7.9373004096029
6.9100000000000	3.5886214456663	7.9388754203051
6.9200000000000	3.5799856931696	7.9404033457435
6.9300000000000	3.5712535675602	7.9418830364601
6.9400000000000	3.5624257725729	7.9433133485217
6.9500000000000	3.5535030267949	7.9446931438022
6.9600000000000	3.5444860636728	7.9460212902673
6.9700000000000	3.5353756315131	7.9472966622608
6.9800000000000	3.5261724934756	7.9485181407920
6.9900000000000	3.5168774275608	7.9496846138249
7.0000000000000	3.5074912265903	7.9507949765686
7.0100000000000	3.4980146981800	7.9518481317687
7.0200000000000	3.4884486647072	7.9528429899996
7.0300000000000	3.4787939632699	7.9537784699573
7.0400000000000	3.4690514456398	7.9546534987531
7.0500000000000	3.4592219782081	7.9554670122076
7.0600000000000	3.4493064419240	7.9562179551447
7.0700000000000	3.4393057322263	7.9569052816860
7.0800000000000	3.4292207589679	7.9575279555443
7.0900000000000	3.4190524463331	7.9580849503177
7.1000000000000	3.4088017327477	7.9585752497825
7.1100000000000	3.3984695707819	7.9589978481858
7.1200000000000	3.3880569270462	7.9593517505364
7.1300000000000	3.3775647820796	7.9596359728962
7.1400000000000	3.3669941302311	7.9598495426681
7.1500000000000	3.3563459795339	7.9599914988846
7.1600000000000	3.3456213515723	7.9600608924933
7.1700000000000	3.3348212813415	7.9600567866410
7.1800000000000	3.3239468171001	7.9599782569560
7.1900000000000	3.3129990202157	7.9598243918274
7.2000000000000	3.3019789650036	7.9595942926828
7.2100000000000	3.2908877385579	7.9592870742633
7.2200000000000	3.2797264405759	7.9589018648945
7.2300000000000	3.2684961831763	7.9584378067563
7.2400000000000	3.2571980907086	7.9578940561480
7.2500000000000	3.2458332995583	7.9572697837507
7.2600000000000	3.2344029579428	7.9565641748861
7.2700000000000	3.2229082257027	7.9557764297712
7.2800000000000	3.2113502740851	7.9549057637693
7.2900000000000	3.1997302855213	7.9539514076370
7.3000000000000	3.1880494533976	7.9529126077665
7.3100000000000	3.1763089818198	7.9517886264234
7.3200000000000	3.1645100853722	7.9505787419804
7.3300000000000	3.1526539888693	7.9492822491455
7.3400000000000	3.1407419271027	7.9478984591854
7.3500000000000	3.1287751445817	7.9464267001437
7.3600000000000	3.1167548952679	7.9448663170541
7.3700000000000	3.1046824423046	7.9432166721474
7.3800000000000	3.0925590577405	7.9414771450531
7.3900000000000	3.0803860222487	7.9396471329956
7.4000000000000	3.0681646248395	7.9377260509840
7.4100000000000	3.0558961625691	7.9357133319954
7.4200000000000	3.0435819402428	7.9336084271531
7.4300000000000	3.0312232701144	7.9314108058970
7.4400000000000	3.0188214715800	7.9291199561483
7.4500000000000	3.0063778708679	7.9267353844679
7.4600000000000	2.9938938007248	7.9242566162065
7.4700000000000	2.9813706000973	7.9216831956497
7.4800000000000	2.9688096138099	7.9190146861545
7.4900000000000	2.9562121922392	7.9162506702798
7.5000000000000	2.9435796909849	7.9133907499088
7.5100000000000	2.9309134705374	7.9104345463649
7.5200000000000	2.9182148959423	7.9073817005191
7.5300000000000	2.9054853364620	7.9042318728915
7.5400000000000	2.8927261652348	7.9009847437434
7.5500000000000	2.8799387589315	7.8976400131632
7.5600000000000	2.8671244974095	7.8941974011438
7.5700000000000	2.8542847633654	7.8906566476527
7.5800000000000	2.8414209419849	7.8870175126935
7.5900000000000	2.8285344205918	7.8832797763607
7.6000000000000	2.8156265882954	7.8794432388854
7.6100000000000	2.8026988356365	7.8755077206739
7.6200000000000	2.7897525542324	7.8714730623379
7.6300000000000	2.7767891364217	7.8673391247168
7.6400000000000	2.7638099749074	7.8631057888919
7.6500000000000	2.7508164624008	7.8587729561927
7.6600000000000	2.7378099912644	7.8543405481952
7.6700000000000	2.7247919531556	7.8498085067118
7.6800000000000	2.7117637386700	7.8451767937740
7.6900000000000	2.6987267369856	7.8404453916060
7.7000000000000	2.6856823355077	7.8356143025911
7.7100000000000	2.6726319195147	7.8306835492302
7.7200000000000	2.6595768718046	7.8256531740916
7.7300000000000	2.6465185723436	7.8205232397542
7.7400000000000	2.6334583979160	7.8152938287412
7.7500000000000	2.6203977217751	7.8099650434478
7.7600000000000	2.6073379132973	7.8045370060601
7.7700000000000	2.5942803376374	7.7990098584664
7.7800000000000	2.5812263553867	7.7933837621613
7.7900000000000	2.5681773222336	7.7876588981424
7.8000000000000	2.5551345886266	7.7818354667990
7.8100000000000	2.5420994994410	7.7759136877939
7.8200000000000	2.5290733936478	7.7698937999384
7.8300000000000	2.5160576039868	7.7637760610588
7.8400000000000	2.5030534566417	7.7575607478579
7.8500000000000	2.4900622709221	7.7512481557672
7.8600000000000	2.4770853589441	7.7448385987947
7.8700000000000	2.4641240253203	7.7383324093644
7.8800000000000	2.4511795668506	7.7317299381497
7.8900000000000	2.4382532722185	7.7250315539007
7.9000000000000	2.4253464216916	7.7182376432645
7.9100000000000	2.4124602868268	7.7113486106006
7.9200000000000	2.3995961301805	7.7043648777886
7.9300000000000	2.3867552050232	7.6972868840316
7.9400000000000	2.3739387550594	7.6901150856528
7.9500000000000	2.3611480141533	7.6828499558873
7.9600000000000	2.3483842060585	7.6754919846678
7.9700000000000	2.3356485441542	7.6680416784058
7.9800000000000	2.3229422311867	7.6604995597671
7.9900000000000	2.3102664590164	7.6528661674422
8.0000000000000	2.2976224083703	7.6451420559133
8.0100000000000	2.2850112486012	7.6373277952148
8.0200000000000	2.2724341374520	7.6294239706907
8.0300000000000	2.2598922208264	7.6214311827476
8.0400000000000	2.2473866325658	7.6133500466029
8.0500000000000	2.2349184942322	7.6051811920301
8.0600000000000	2.2224889148974	7.5969252630996
8.0700000000000	2.2100989909390	7.5885829179162
8.0800000000000	2.1977498058419	7.5801548283536
8.0900000000000	2.1854424300071	7.5716416797849
8.1000000000000	2.1731779205666	7.5630441708112
8.1100000000000	2.1609573212050	7.5543630129862
8.1200000000000	2.1487816619874	7.5455989305392
8.1300000000000	2.1366519591944	7.5367526600948
8.1400000000000	2.1245692151635	7.5278249503909
8.1500000000000	2.1125344181369	7.5188165619942
8.1600000000000	2.1005485421164	7.5097282670144
8.1700000000000	2.0886125467250	7.5005608488158
8.1800000000000	2.0767273770750	7.4913151017279
8.1900000000000	2.0648939636429	7.4819918307544
8.2000000000000	2.0531132221507	7.4725918512815
8.2100000000000	2.0413860534547	7.4631159887840
8.2200000000000	2.0297133434402	7.4535650785321
8.2300000000000	2.0180959629229	7.4439399652962
8.2400000000000	2.0065347675577	7.4342415030518
8.2500000000000	1.9950305977534	7.4244705546838
8.2600000000000	1.9835842785939	7.4146279916912
8.2700000000000	1.9721966197666	7.4047146938909
8.2800000000000	1.9608684154969	7.3947315491222
8.2900000000000	1.9496004444889	7.3846794529515
8.3000000000000	1.9383934698731	7.3745593083776
8.3100000000000	1.9272482391602	7.3643720255370
8.3200000000000	1.9161654842009	7.3541185214112
8.3300000000000	1.9051459211523	7.3437997195333
8.3400000000000	1.8941902504505	7.3334165496971
8.3500000000000	1.8832991567892	7.3229699476666
8.3600000000000	1.8724733091039	7.3124608548870
8.3700000000000	1.8617133605631	7.3018902181973
8.3800000000000	1.8510199485642	7.2912589895446
8.3900000000000	1.8403936947360	7.2805681256997
8.4000000000000	1.8298352049467	7.2698185879751
8.4100000000000	1.8193450693174	7.2590113419448
8.4200000000000	1.8089238622413	7.2481473571659
8.4300000000000	1.7985721424079	7.2372276069030
8.4400000000000	1.7882904528335	7.2262530678547
8.4500000000000	1.7780793208961	7.2152247198822
8.4600000000000	1.7679392583756	7.2041435457412
8.4700000000000	1.7578707614993	7.1930105308157
8.4800000000000	1.7478743109924	7.1818266628551
8.4900000000000	1.7379503721328	7.1705929317141
8.5000000000000	1.7280993948113	7.1593103290949
8.5100000000000	1.7183218135962	7.1479798482938
8.5200000000000	1.7086180478022	7.1366024839491
8.5300000000000	1.6989885015639	7.1251792317943
8.5400000000000	1.6894335639139	7.1137110884123
8.5500000000000	1.6799536088642	7.1021990509951
8.5600000000000	1.6705489954929	7.0906441171053
8.5700000000000	1.6612200680340	7.0790472844422
8.5800000000000	1.6519671559711	7.0674095506104
8.5900000000000	1.6427905741353	7.0557319128934
8.6000000000000	1.6336906228063	7.0440153680292
8.6100000000000	1.6246675878173	7.0322609119911
8.6200000000000	1.6157217406628	7.0204695397712
8.6300000000000	1.6068533386105	7.0086422451685
8.6400000000000	1.5980626248157	6.9967800205802
8.6500000000000	1.5893498284386	6.9848838567973
8.6600000000000	1.5807151647654	6.9729547428040
8.6700000000000	1.5721588353314	6.9609936655809
8.6800000000000	1.5636810280470	6.9490016099127
8.6900000000000	1.5552819173264	6.9369795581988
8.7000000000000	1.5469616642191	6.9249284902696
8.7100000000000	1.5387204165426	6.9128493832049
8.7200000000000	1.5305583090191	6.9007432111584
8.7300000000000	1.5224754634127	6.8886109451840
8.7400000000000	1.5144719886695	6.8764535530687
8.7500000000000	1.5065479810595	6.8642719991671
8.7600000000000	1.4987035243202	6.8520672442420
8.7700000000000	1.4909386898019	6.8398402453080
8.7800000000000	1.4832535366148	6.8275919554792
8.7900000000000	1.4756481117770	6.8153233238219
8.8000000000000	1.4681224503650	6.8030352952097
8.8100000000000	1.4606765756641	6.7907288101849
8.8200000000000	1.4533104993213	6.7784048048218
8.8300000000000	1.4460242214981	6.7660642105954
8.8400000000000	1.4388177310253	6.7537079542536
8.8500000000000	1.4316910055582	6.7413369576937
8.8600000000000	1.4246440117325	6.7289521378425
8.8700000000000	1.4176767053210	6.7165544065407
8.8800000000000	1.4107890313914	6.7041446704313
8.8900000000000	1.4039809244637	6.6917238308514
8.9000000000000	1.3972523086687	6.6792927837283
8.9100000000000	1.3906030979067	6.6668524194798
8.9200000000000	1.3840331960068	6.6544036229174
8.9300000000000	1.3775424968850	6.6419472731541
8.9400000000000	1.3711308847048	6.6294842435157
8.9500000000000	1.3647982340351	6.6170154014557
8.9600000000000	1.3585444100104	6.6045416084739
8.9700000000000	1.3523692684892	6.5920637200389
8.9800000000000	1.3462726562133	6.5795825855140
8.9900000000000	1.3402544109657	6.5670990480866
9.0000000000000	1.3343143617295	6.5546139447014
9.0100000000000	1.3284523288453	6.5421281059969
9.0200000000000	1.3226681241685	6.5296423562450
9.0300000000000	1.3169615512261	6.5171575132948
9.0400000000000	1.3113324053729	6.5046743885189
9.0500000000000	1.3057804739464	6.4921937867639
9.0600000000000	1.3003055364225	6.4797165063028
9.0700000000000	1.2949073645682	6.4672433387921
9.0800000000000	1.2895857225958	6.4547750692311
9.0900000000000	1.2843403673139	6.4423124759247
9.1000000000000	1.2791710482797	6.4298563304488
9.1100000000000	1.2740775079483	6.4174073976194
9.1200000000000	1.2690594818221	6.4049664354640
9.1300000000000	1.2641166985989	6.3925341951962
9.1400000000000	1.2592488803187	6.3801114211933
9.1500000000000	1.2544557425092	6.3676988509761
9.1600000000000	1.2497369943304	6.3552972151920
9.1700000000000	1.2450923387176	6.3429072376009
9.1800000000000	1.2405214725232	6.3305296350629
9.1900000000000	1.2360240866572	6.3181651175293
9.2000000000000	1.2315998662264	6.3058143880361
9.2100000000000	1.2272484906717	6.2934781426997
9.2200000000000	1.2229696339046	6.2811570707151
9.2300000000000	1.2187629644416	6.2688518543563
9.2400000000000	1.2146281455377	6.2565631689795
9.2500000000000	1.2105648353176	6.2442916830279
9.2600000000000	1.2065726869063	6.2320380580394
9.2700000000000	1.2026513485568	6.2198029486559
9.2800000000000	1.1988004637776	6.2075870026346
9.2900000000000	1.1950196714574	6.1953908608624
9.3000000000000	1.1913086059889	6.1832151573705
9.3100000000000	1.1876668973906	6.1710605193529
9.3200000000000	1.1840941714264	6.1589275671851
9.3300000000000	1.1805900497247	6.1468169144459
9.3400000000000	1.1771541498947	6.1347291679402
9.3500000000000	1.1737860856411	6.1226649277238
9.3600000000000	1.1704854668775	6.1106247871301
9.3700000000000	1.1672518998375	6.0986093327977
9.3800000000000	1.1640849871845	6.0866191447008
9.3900000000000	1.1609843281191	6.0746547961798
9.4000000000000	1.1579495184854	6.0627168539743
9.4100000000000	1.1549801508745	6.0508058782572
9.4200000000000	1.1520758147274	6.0389224226703
9.4300000000000	1.1492360964350	6.0270670343609
9.4400000000000	1.1464605794368	6.0152402540206
9.4500000000000	1.1437488443178	6.0034426159239
9.4600000000000	1.1411004689027	5.9916746479693
9.4700000000000	1.1385150283499	5.9799368717211
9.4800000000000	1.1359920952419	5.9682298024523
9.4900000000000	1.1335312396748	5.9565539491881
9.5000000000000	1.1311320293459	5.9449098147517
9.5100000000000	1.1287940296391	5.9332978958095
9.5200000000000	1.1265168037087	5.9217186829185
9.5300000000000	1.1242999125610	5.9101726605738
9.5400000000000	1.1221429151349	5.8986603072577
9.5500000000000	1.1200453683793	5.8871820954887
9.5600000000000	1.1180068273299	5.8757384918721
9.5700000000000	1.1160268451835	5.8643299571508
9.5800000000000	1.1141049733707	5.8529569462572
9.5900000000000	1.1122407616263	5.8416199083654
9.6000000000000	1.1104337580587	5.8303192869444
9.6100000000000	1.1086835092168	5.8190555198113
9.6200000000000	1.1069895601554	5.8078290391859
9.6300000000000	1.1053514544984	5.7966402717451
9.6400000000000	1.1037687345007	5.7854896386780
9.6500000000000	1.1022409411081	5.7743775557415
9.6600000000000	1.1007676140153	5.7633044333163
9.6700000000000	1.0993482917223	5.7522706764635
9.6800000000000	1.0979825115886	5.7412766849807
9.6900000000000	1.0966698098865	5.7303228534597
9.7000000000000	1.0954097218517	5.7194095713434
9.7100000000000	1.0942017817327	5.7085372229835
9.7200000000000	1.0930455228383	5.6977061876982
9.7300000000000	1.0919404775837	5.6869168398301
9.7400000000000	1.0908861775339	5.6761695488047
9.7500000000000	1.0898821534470	5.6654646791880
9.7600000000000	1.0889279353142	5.6548025907454
9.7700000000000	1.0880230523989	5.6441836385001
9.7800000000000	1.0871670332746	5.6336081727911
9.7900000000000	1.0863594058598	5.6230765393324
9.8000000000000	1.0855996974527	5.6125890792707
9.8100000000000	1.0848874347633	5.6021461292447
9.8200000000000	1.0842221439440	5.5917480214426
9.8300000000000	1.0836033506192	5.5813950836614
9.8400000000000	1.0830305799126	5.5710876393641
9.8500000000000	1.0825033564733	5.5608260077386
9.8600000000000	1.0820212044998	5.5506105037553
9.8700000000000	1.0815836477636	5.5404414382245
9.8800000000000	1.0811902096297	5.5303191178545
9.8900000000000	1.0808404130769	5.5202438453087
9.9000000000000	1.0805337807156	5.5102159192625
9.9100000000000	1.0802698348048	5.5002356344603
9.9200000000000	1.0800480972671	5.4903032817719
9.9300000000000	1.0798680897025	5.4804191482487
9.9400000000000	1.0797293334005	5.4705835171795
9.9500000000000	1.0796313493511	5.4607966681463
9.9600000000000	1.0795736582538	5.4510588770789
9.9700000000000	1.0795557805254	5.4413704163102
9.9800000000000	1.0795772363069	5.4317315546300
9.9900000000000	1.0796375454678	5.4221425573393
10.000000000000	1.0797362276102	5.4126036863035
10.010000000000	1.0798728020709	5.4031152000054
10.020000000000	1.0800467879219	5.3936773535978
10.030000000000	1.0802577039703	5.3842903989552
10.040000000000	1.0805050687558	5.3749545847255
10.050000000000	1.0807884005478	5.3656701563807
10.060000000000	1.0811072173409	5.3564373562674
10.070000000000	1.0814610368482	5.3472564236564
10.080000000000	1.0818493764951	5.3381275947919
10.090000000000	1.0822717534096	5.3290511029399
10.100000000000	1.0827276844134	5.3200271784364
10.110000000000	1.0832166860100	5.3110560487344
10.120000000000	1.0837382743726	5.3021379384504
10.130000000000	1.0842919653305	5.2932730694108
10.140000000000	1.0848772743536	5.2844616606963
10.150000000000	1.0854937165371	5.2757039286870
10.160000000000	1.0861408065831	5.2670000871060
10.170000000000	1.0868180587827	5.2583503470622
10.180000000000	1.0875249869957	5.2497549170926
10.190000000000	1.0882611046296	5.2412140032039
10.200000000000	1.0890259246176	5.2327278089128
10.210000000000	1.0898189593947	5.2242965352861
10.220000000000	1.0906397208738	5.2159203809796
10.230000000000	1.0914877204189	5.2075995422761
10.240000000000	1.0923624688194	5.1993342131228
10.250000000000	1.0932634762609	5.1911245851673
10.260000000000	1.0941902522968	5.1829708477938
10.270000000000	1.0951423058175	5.1748731881566
10.280000000000	1.0961191450194	5.1668317912148
10.290000000000	1.0971202773720	5.1588468397639
10.300000000000	1.0981452095842	5.1509185144683
10.310000000000	1.0991934475701	5.1430469938915
10.320000000000	1.1002644964126	5.1352324545257
10.330000000000	1.1013578603270	5.1274750708208
10.340000000000	1.1024730426229	5.1197750152119
10.350000000000	1.1036095456651	5.1121324581453
10.360000000000	1.1047668708338	5.1045475681048
10.370000000000	1.1059445184835	5.0970205116353
10.380000000000	1.1071419879011	5.0895514533665
10.390000000000	1.1083587772623	5.0821405560345
10.400000000000	1.1095943835884	5.0747879805033
10.410000000000	1.1108483027003	5.0674938857841
10.420000000000	1.1121200291732	5.0602584290538
10.430000000000	1.1134090562893	5.0530817656729
10.440000000000	1.1147148759897	5.0459640492007
10.450000000000	1.1160369788257	5.0389054314108
10.460000000000	1.1173748539088	5.0319060623044
10.470000000000	1.1187279888599	5.0249660901226
10.480000000000	1.1200958697575	5.0180856613571
10.490000000000	1.1214779810855	5.0112649207597
10.500000000000	1.1228738056788	5.0045040113512
10.510000000000	1.1242828246699	4.9978030744270
10.520000000000	1.1257045174325	4.9911622495635
10.530000000000	1.1271383615264	4.9845816746215
10.540000000000	1.1285838326397	4.9780614857488
10.550000000000	1.1300404045309	4.9716018173810
10.560000000000	1.1315075489708	4.9652028022412
10.570000000000	1.1329847356824	4.9588645713377
10.580000000000	1.1344714322807	4.9525872539604
10.590000000000	1.1359671042116	4.9463709776757
10.600000000000	1.1374712146898	4.9402158683191
10.610000000000	1.1389832246363	4.9341220499873
10.620000000000	1.1405025926150	4.9280896450276
10.630000000000	1.1420287747681	4.9221187740261
10.640000000000	1.1435612247517	4.9162095557939
10.650000000000	1.1450993936695	4.9103621073518
10.660000000000	1.1466427300072	4.9045765439133
10.670000000000	1.1481906795651	4.8988529788650
10.680000000000	1.1497426853904	4.8931915237461
10.690000000000	1.1512981877089	4.8875922882258
10.700000000000	1.1528566238562	4.8820553800779
10.710000000000	1.1544174282082	4.8765809051548
10.720000000000	1.1559800321106	4.8711689673586
10.730000000000	1.1575438638086	4.8658196686103
10.740000000000	1.1591083483756	4.8605331088174
10.750000000000	1.1606729076411	4.8553093858387
10.760000000000	1.1622369601189	4.8501485954477
10.770000000000	1.1637999209342	4.8450508312933
10.780000000000	1.1653612017501	4.8400161848586
10.790000000000	1.1669202106944	4.8350447454172
10.800000000000	1.1684763522855	4.8301365999877
10.810000000000	1.1700290273579	4.8252918332854
10.820000000000	1.1715776329873	4.8205105276718
10.830000000000	1.1731215624161	4.8157927631019
10.840000000000	1.1746602049774	4.8111386170688
10.850000000000	1.1761929460200	4.8065481645460
10.860000000000	1.1777191668323	4.8020214779272
10.870000000000	1.1792382445662	4.7975586269637
10.880000000000	1.1807495521612	4.7931596786984
10.890000000000	1.1822524582681	4.7888246973985
10.900000000000	1.1837463271727	4.7845537444844
10.910000000000	1.1852305187193	4.7803468784563
10.920000000000	1.1867043882344	4.7762041548184
10.930000000000	1.1881672864505	4.7721256259993
10.940000000000	1.1896185594299	4.7681113412708
10.950000000000	1.1910575484885	4.7641613466628
10.960000000000	1.1924835901198	4.7602756848759
10.970000000000	1.1938960159197	4.7564543951904
10.980000000000	1.1952941525108	4.7526975133731
10.990000000000	1.1966773214674	4.7490050715803
11.000000000000	1.1980448392410	4.7453770982579
11.010000000000	1.1993960170861	4.7418136180385
11.020000000000	1.2007301609864	4.7383146516351
11.030000000000	1.2020465715821	4.7348802157316
11.040000000000	1.2033445440970	4.7315103228701
11.050000000000	1.2046233682670	4.7282049813347
11.060000000000	1.2058823282692	4.7249641950318
11.070000000000	1.2071207026514	4.7217879633673
11.080000000000	1.2083377642634	4.7186762811200
11.090000000000	1.2095327801884	4.7156291383117
11.100000000000	1.2107050116760	4.7126465200735
11.110000000000	1.2118537140758	4.7097284065085
11.120000000000	1.2129781367733	4.7068747725511
11.130000000000	1.2140775231257	4.7040855878222
11.140000000000	1.2151511104003	4.7013608164808
11.150000000000	1.2161981297135	4.6987004170721
11.160000000000	1.2172178059722	4.6961043423711
11.170000000000	1.2182093578160	4.6935725392229
11.180000000000	1.2191719975621	4.6911049483786
11.190000000000	1.2201049311514	4.6887015043278
11.200000000000	1.2210073580966	4.6863621351266
11.210000000000	1.2218784714330	4.6840867622216
11.220000000000	1.2227174576708	4.6818753002699
11.230000000000	1.2235234967504	4.6797276569554
11.240000000000	1.2242957619992	4.6776437328000
11.250000000000	1.2250334200922	4.6756234209715
11.260000000000	1.2257356310143	4.6736666070867
11.270000000000	1.2264015480257	4.6717731690107
11.280000000000	1.2270303176305	4.6699429766516
11.290000000000	1.2276210795480	4.6681758917508
11.300000000000	1.2281729666877	4.6664717676696
11.310000000000	1.2286851051271	4.6648304491704
11.320000000000	1.2291566140937	4.6632517721948
11.330000000000	1.2295866059499	4.6617355636363
11.340000000000	1.2299741861825	4.6602816411090
11.350000000000	1.2303184533954	4.6588898127120
11.360000000000	1.2306184993072	4.6575598767891
11.370000000000	1.2308734087529	4.6562916216844
11.380000000000	1.2310822596895	4.6550848254931
11.390000000000	1.2312441232069	4.6539392558086
11.400000000000	1.2313580635440	4.6528546694641
11.410000000000	1.2314231381084	4.6518308122710
11.420000000000	1.2314383975030	4.6508674187520
11.430000000000	1.2314028855566	4.6499642118702
11.440000000000	1.2313156393611	4.6491209027543
11.450000000000	1.2311756893141	4.6483371904185
11.460000000000	1.2309820591672	4.6476127614792
11.470000000000	1.2307337660809	4.6469472898669
11.480000000000	1.2304298206861	4.6463404365340
11.490000000000	1.2300692271514	4.6457918491583
11.500000000000	1.2296509832583	4.6453011618433
11.510000000000	1.2291740804825	4.6448679948132
11.520000000000	1.2286375040832	4.6444919541052
11.530000000000	1.2280402331994	4.6441726312572
11.540000000000	1.2273812409545	4.6439096029920
11.550000000000	1.2266594945681	4.6437024308979
11.560000000000	1.2258739554771	4.6435506611056
11.570000000000	1.2250235794637	4.6434538239620
11.580000000000	1.2241073167940	4.6434114337002
11.590000000000	1.2231241123640	4.6434229881066
11.600000000000	1.2220729058554	4.6434879681849
11.610000000000	1.2209526319010	4.6436058378174
11.620000000000	1.2197622202595	4.6437760434231
11.630000000000	1.2185005960000	4.6439980136136
11.640000000000	1.2171666796978	4.6442711588464
11.650000000000	1.2157593876390	4.6445948710762
11.660000000000	1.2142776320374	4.6449685234040
11.670000000000	1.2127203212613	4.6453914697243
11.680000000000	1.2110863600720	4.6458630443713
11.690000000000	1.2093746498739	4.6463825617627
11.700000000000	1.2075840889756	4.6469493160437
11.710000000000	1.2057135728642	4.6475625807288
11.720000000000	1.2037619944907	4.6482216083445
11.730000000000	1.2017282445687	4.6489256300701
11.740000000000	1.1996112118852	4.6496738553802
11.750000000000	1.1974097836253	4.6504654716859
11.760000000000	1.1951228457092	4.6512996439780
11.770000000000	1.1927492831433	4.6521755144705
11.780000000000	1.1902879803847	4.6530922022452
11.790000000000	1.1877378217203	4.6540488028990
11.800000000000	1.1850976916589	4.6550443881922
11.810000000000	1.1823664753391	4.6560780057002
11.820000000000	1.1795430589509	4.6571486784672
11.830000000000	1.1766263301725	4.6582554046644
11.840000000000	1.1736151786219	4.6593971572506
11.850000000000	1.1705084963241	4.6605728836384
11.860000000000	1.1673051781936	4.6617815053646
11.870000000000	1.1640041225322	4.6630219177649
11.880000000000	1.1606042315428	4.6642929896561
11.890000000000	1.1571044118592	4.6655935630233
11.900000000000	1.1535035750919	4.6669224527141
11.910000000000	1.1498006383896	4.6682784461404
11.920000000000	1.1459945250176	4.6696603029882
11.930000000000	1.1420841649523	4.6710667549353
11.940000000000	1.1380684954921	4.6724965053789
11.950000000000	1.1339464618850	4.6739482291725
11.960000000000	1.1297170179723	4.6754205723733
11.970000000000	1.1253791268494	4.6769121520003
11.980000000000	1.1209317615427	4.6784215558049
11.990000000000	1.1163739057038	4.6799473420527
12.000000000000	1.1117045543192	4.6814880393198
12.010000000000	1.1069227144370	4.6830421463010
12.020000000000	1.1020274059103	4.6846081316346
12.030000000000	1.0970176621563	4.6861844337406
12.040000000000	1.0918925309314	4.6877694606762
12.050000000000	1.0866510751231	4.6893615900067
12.060000000000	1.0812923735567	4.6909591686952
12.070000000000	1.0758155218182	4.6925605130099
12.080000000000	1.0702196330919	4.6941639084500
12.090000000000	1.0645038390140	4.6957676096923
12.100000000000	1.0586672905393	4.6973698405579
12.110000000000	1.0527091588240	4.6989687940000
12.120000000000	1.0466286361210	4.7005626321149
12.130000000000	1.0404249366898	4.7021494861751
12.140000000000	1.0340972977187	4.7037274566866
12.150000000000	1.0276449802597	4.7052946134705
12.160000000000	1.0210672701762	4.7068489957709
12.170000000000	1.0143634791012	4.7083886123881
12.180000000000	1.0075329454068	4.7099114418391
12.190000000000	1.0005750351842	4.7114154325466
12.200000000000	0.99348914323243	4.7128985030556
12.210000000000	0.98627469405708	4.7143585422802
12.220000000000	0.97893114287582	4.7157934097802
12.230000000000	0.97145797663201	4.7172009360690
12.240000000000	0.96385471501427	4.7185789229525
12.250000000000	0.95612091148164	4.7199251439011
12.260000000000	0.94825615429323	4.7212373444546
12.270000000000	0.94026006754145	4.7225132426605
12.280000000000	0.93213231218767	4.7237505295472
12.290000000000	0.92387258709936	4.7249468696320
12.300000000000	0.91548063008760	4.7260999014651
12.310000000000	0.90695621894365	4.7272072382090
12.320000000000	0.89829917247356	4.7282664682559
12.330000000000	0.88950935152952	4.7292751558816
12.340000000000	0.88058666003657	4.7302308419366
12.350000000000	0.87153104601359	4.7311310445770
12.360000000000	0.86234250258684	4.7319732600323
12.370000000000	0.85302106899510	4.7327549634131
12.380000000000	0.84356683158463	4.7334736095571
12.390000000000	0.83397992479254	4.7341266339158
12.400000000000	0.82426053211732	4.7347114534793
12.410000000000	0.81440888707458	4.7352254677415
12.420000000000	0.80442527413691	4.7356660597057
12.430000000000	0.79431002965578	4.7360305969286
12.440000000000	0.78406354276427	4.7363164326051
12.450000000000	0.77368625625882	4.7365209066926
12.460000000000	0.76317866745826	4.7366413470741
12.470000000000	0.75254132903860	4.7366750707610
12.480000000000	0.74177484984180	4.7366193851351
12.490000000000	0.73087989565688	4.7364715892277
12.500000000000	0.71985718997153	4.7362289750384
12.510000000000	0.70870751469255	4.7358888288899
12.520000000000	0.69743171083370	4.7354484328207
12.530000000000	0.68603067916847	4.7349050660127
12.540000000000	0.67450538084709	4.7342560062554
12.550000000000	0.66285683797512	4.7334985314435
12.560000000000	0.65108613415252	4.7326299211086
12.570000000000	0.63919441497130	4.7316474579828
12.580000000000	0.62718288847017	4.7305484295945
12.590000000000	0.61505282554435	4.7293301298932
12.600000000000	0.60280556030934	4.7279898609041
12.610000000000	0.59044249041660	4.7265249344097
12.620000000000	0.57796507732003	4.7249326736573
12.630000000000	0.56537484649142	4.7232104150917
12.640000000000	0.55267338758371	4.7213555101096
12.650000000000	0.53986235454041	4.7193653268364
12.660000000000	0.52694346565015	4.7172372519217
12.670000000000	0.51391850354465	4.7149686923521
12.680000000000	0.50078931513943	4.7125570772807
12.690000000000	0.48755781151565	4.7099998598689
12.700000000000	0.47422596774230	4.7072945191407
