#Parameters = {Lh=0.033016666666667; Oa=0.049839326046652; Oo=0.0041966915170919; a=0.5; d=0.035; h=9; p=3; phi=0; r_1=2; r_2=2.7; s=0.2; t=0.2; theta=0; w=12}
#"Frequency / GHz"	"SZmax(2),Zmax(1) [Re]"	"SZmax(2),Zmax(1) [Im]"
#-----------------------------------------------------------------
2.7000000000000	-0.00050993466574628	9.6476384567911e-05
2.7100000000000	-0.00051095015903933	0.00010655959629937
2.7200000000000	-0.00051176019097436	0.00011669536332211
2.7300000000000	-0.00051236296520067	0.00012687822229519
2.7400000000000	-0.00051275687813126	0.00013710264245605
2.7500000000000	-0.00051294052194881	0.00014736303420377
2.7600000000000	-0.00051291268715086	0.00015765375783878
2.7700000000000	-0.00051267236462480	0.00016796913242988
2.7800000000000	-0.00051221874724559	0.00017830344477925
2.7900000000000	-0.00051155123099129	0.00018865095845520
2.8000000000000	-0.00051066941557340	0.00019900592286261
2.8100000000000	-0.00050957310458146	0.00020936258232061
2.8200000000000	-0.00050826230514328	0.00021971518511718
2.8300000000000	-0.00050673722710455	0.00023005799251086
2.8400000000000	-0.00050499828173336	0.00024038528764983
2.8500000000000	-0.00050304607995762	0.00025069138437945
2.8600000000000	-0.00050088143014506	0.00026097063591012
2.8700000000000	-0.00049850533543747	0.00027121744331796
2.8800000000000	-0.00049591899065281	0.00028142626385231
2.8900000000000	-0.00049312377877033	0.00029159161902472
2.9000000000000	-0.00049012126701571	0.00030170810245582
2.9100000000000	-0.00048691320256438	0.00031177038745770
2.9200000000000	-0.00048350150788297	0.00032177323433091
2.9300000000000	-0.00047988827572966	0.00033171149735690
2.9400000000000	-0.00047607576383557	0.00034158013146843
2.9500000000000	-0.00047206638929015	0.00035137419858197
2.9600000000000	-0.00046786272265433	0.00036108887357832
2.9700000000000	-0.00046346748182586	0.00037071944991913
2.9800000000000	-0.00045888352568166	0.00038026134488894
2.9900000000000	-0.00045411384752260	0.00038971010445446
3.0000000000000	-0.00044916156834593	0.00039906140773425
3.0100000000000	-0.00044402992997102	0.00040831107107413
3.0200000000000	-0.00043872228804362	0.00041745505172520
3.0300000000000	-0.00043324210494404	0.00042648945112340
3.0400000000000	-0.00042759294262380	0.00043541051777087
3.0500000000000	-0.00042177845539527	0.00044421464972132
3.0600000000000	-0.00041580238269798	0.00045289839667310
3.0700000000000	-0.00040966854186468	0.00046145846167513
3.0800000000000	-0.00040338082090935	0.00046989170245225
3.0900000000000	-0.00039694317135862	0.00047819513235799
3.1000000000000	-0.00039035960114709	0.00048636592096386
3.1100000000000	-0.00038363416759583	0.00049440139429539
3.1200000000000	-0.00037677097049252	0.00050229903472645
3.1300000000000	-0.00036977414529043	0.00051005648054381
3.1400000000000	-0.00036264785644230	0.00051767152519528
3.1500000000000	-0.00035539629088396	0.00052514211623503
3.1600000000000	-0.00034802365168139	0.00053246635398067
3.1700000000000	-0.00034053415185363	0.00053964248989689
3.1800000000000	-0.00033293200838275	0.00054666892472112
3.1900000000000	-0.00032522143642089	0.00055354420634685
3.2000000000000	-0.00031740664370309	0.00056026702748044
3.2100000000000	-0.00030949182517347	0.00056683622308766
3.2200000000000	-0.00030148115783140	0.00057325076764580
3.2300000000000	-0.00029337879580254	0.00057950977221771
3.2400000000000	-0.00028518886563930	0.00058561248136340
3.2500000000000	-0.00027691546185359	0.00059155826990539
3.2600000000000	-0.00026856264268413	0.00059734663956302
3.2700000000000	-0.00026013442609924	0.00060297721547115
3.2800000000000	-0.00025163478603549	0.00060844974259822
3.2900000000000	-0.00024306764887153	0.00061376408207797
3.3000000000000	-0.00023443689013539	0.00061892020746905
3.3100000000000	-0.00022574633144335	0.00062391820095613
3.3200000000000	-0.00021699973766715	0.00062875824950538
3.3300000000000	-0.00020820081432604	0.00063344064098707
3.3400000000000	-0.00019935320519948	0.00063796576027709
3.3500000000000	-0.00019046049015577	0.00064233408534883
3.3600000000000	-0.00018152618319124	0.00064654618336626
3.3700000000000	-0.00017255373067454	0.00065060270678825
3.3800000000000	-0.00016354650978991	0.00065450438949377
3.3900000000000	-0.00015450782717296	0.00065825204293701
3.4000000000000	-0.00014544091773247	0.00066184655234062
3.4100000000000	-0.00013634894365121	0.00066528887293480
3.4200000000000	-0.00012723499355871	0.00066858002624962
3.4300000000000	-0.00011810208186879	0.00067172109646680
3.4400000000000	-0.00010895314827442	0.00067471322683718
3.4500000000000	-9.9791057392612e-05	0.00067755761616919
3.4600000000000	-9.0618598551668e-05	0.00068025551539316
3.4700000000000	-8.1438485713559e-05	0.00068280822420603
3.4800000000000	-7.2253357523749e-05	0.00068521708780004
3.4900000000000	-6.3065777481243e-05	0.00068748349367896
3.5000000000000	-5.3878234221356e-05	0.00068960886856471
3.5100000000000	-4.4693141904080e-05	0.00069159467539680
3.5200000000000	-3.5512840700841e-05	0.00069344241042673
3.5300000000000	-2.6339597372653e-05	0.00069515360040886
3.5400000000000	-1.7175605932907e-05	0.00069672979988918
3.5500000000000	-8.0229883878700e-06	0.00069817258859279
3.5600000000000	1.1162044513238e-06	0.00069948356891079
3.5700000000000	1.0239992091851e-05	0.00070066436348678
3.5800000000000	1.9346463423438e-05	0.00070171661290309
3.5900000000000	2.8433775729863e-05	0.00070264197346645
3.6000000000000	3.7500153653263e-05	0.00070344211509258
3.6100000000000	4.6543888117083e-05	0.00070411871928909
3.6200000000000	5.5563335212753e-05	0.00070467347723574
3.6300000000000	6.4556915055457e-05	0.00070510808796104
3.6400000000000	7.3523110613959e-05	0.00070542425661380
3.6500000000000	8.2460466519120e-05	0.00070562369282855
3.6600000000000	9.1367587855848e-05	0.00070570810918304
3.6700000000000	0.00010024313894277	0.00070567921974638
3.6800000000000	0.00010908584210388	0.00070553873871612
3.6900000000000	0.00011789447643619	0.00070528837914237
3.7000000000000	0.00012666787657725	0.00070492985173734
3.7100000000000	0.00013540493147624	0.00070446486376816
3.7200000000000	0.00014410458317214	0.00070389511803132
3.7300000000000	0.00015276582558254	0.00070322231190647
3.7400000000000	0.00016138770330618	0.00070244813648795
3.7500000000000	0.00016996931044250	0.00070157427579178
3.7600000000000	0.00017850978943128	0.00070060240603637
3.7700000000000	0.00018700832991514	0.00069953419499475
3.7800000000000	0.00019546416762810	0.00069837130141661
3.7900000000000	0.00020387658331263	0.00069711537451814
3.8000000000000	0.00021224490166829	0.00069576805353764
3.8100000000000	0.00022056849033440	0.00069433096735530
3.8200000000000	0.00022884675890967	0.00069280573417522
3.8300000000000	0.00023707915801127	0.00069119396126777
3.8400000000000	0.00024526517837617	0.00068949724477088
3.8500000000000	0.00025340435000755	0.00068771716954825
3.8600000000000	0.00026149624136882	0.00068585530910310
3.8700000000000	0.00026954045862848	0.00068391322554580
3.8800000000000	0.00027753664495842	0.00068189246961385
3.8900000000000	0.00028548447988911	0.00067979458074274
3.9000000000000	0.00029338367872460	0.00067762108718631
3.9100000000000	0.00030123399202102	0.00067537350618511
3.9200000000000	0.00030903520513214	0.00067305334418157
3.9300000000000	0.00031678713782580	0.00067066209708044
3.9400000000000	0.00032448964397554	0.00066820125055333
3.9500000000000	0.00033214261133187	0.00066567228038605
3.9600000000000	0.00033974596137804	0.00066307665286726
3.9700000000000	0.00034729964927565	0.00066041582521728
3.9800000000000	0.00035480366390596	0.00065769124605544
3.9900000000000	0.00036225802801304	0.00065490435590471
4.0000000000000	0.00036966279845583	0.00065205658773176
4.0100000000000	0.00037701806657666	0.00064914936752097
4.0200000000000	0.00038432395869458	0.00064618411488022
4.0300000000000	0.00039158063673258	0.00064316224367646
4.0400000000000	0.00039878829898899	0.00064008516269840
4.0500000000000	0.00040594718106415	0.00063695427634384
4.0600000000000	0.00041305755695453	0.00063377098532774
4.0700000000000	0.00042011974032812	0.00063053668740771
4.0800000000000	0.00042713408599605	0.00062725277812215
4.0900000000000	0.00043410099159701	0.00062392065153548
4.1000000000000	0.00044102089951306	0.00062054170098443
4.1100000000000	0.00044789429903690	0.00061711731981757
4.1200000000000	0.00045472172881365	0.00061364890211934
4.1300000000000	0.00046150377958149	0.00061013784340731
4.1400000000000	0.00046824109723943	0.00060658554129107
4.1500000000000	0.00047493438627229	0.00060299339607601
4.1600000000000	0.00048158441356721	0.00059936281129566
4.1700000000000	0.00048819201265876	0.00059569519414960
4.1800000000000	0.00049475808844423	0.00059199195582251
4.1900000000000	0.00050128362241504	0.00058825451165301
4.2000000000000	0.00050776967845423	0.00058448428111663
4.2100000000000	0.00051421740925639	0.00058068268757980
4.2200000000000	0.00052062806343016	0.00057685115777268
4.2300000000000	0.00052700299335180	0.00057299112092117
4.2400000000000	0.00053334366384215	0.00056910400746408
4.2500000000000	0.00053965166174820	0.00056519124726998
4.2600000000000	0.00054592870651596	0.00056125426725074
4.2700000000000	0.00055217666184965	0.00055729448824927
4.2800000000000	0.00055839754855862	0.00055331332105715
4.2900000000000	0.00056459355869992	0.00054931216138811
4.3000000000000	0.00057076707113307	0.00054529238360415
4.3100000000000	0.00057692066860346	0.00054125533294844
4.3200000000000	0.00058305715648065	0.00053720231599770
4.3300000000000	0.00058917958327113	0.00053313458898925
4.3400000000000	0.00059529126302650	0.00052905334361606
4.3500000000000	0.00060139579975377	0.00052495968980725
4.3600000000000	0.00060749711391962	0.00052085463492238
4.3700000000000	0.00061359947110760	0.00051673905868528
4.3800000000000	0.00061970751284369	0.00051261368306135
4.3900000000000	0.00062582628954082	0.00050847903614078
4.4000000000000	0.00063196129541570	0.00050433540893019
4.4100000000000	0.00063811850510831	0.00050018280376841
4.4200000000000	0.00064430441155107	0.00049602087287321
4.4300000000000	0.00065052606440133	0.00049184884529371
4.4400000000000	0.00065679110803237	0.00048766544028996
4.4500000000000	0.00066310781765768	0.00048346876489138
4.4600000000000	0.00066948513162144	0.00047925619311952
4.4700000000000	0.00067593267717414	0.00047502422409898
4.4800000000000	0.00068246078615502	0.00047076831608076
4.4900000000000	0.00068908049584878	0.00046648269328099
4.5000000000000	0.00069580352885748	0.00046216012248685
4.5100000000000	0.00070264224405817	0.00045779165669073
4.5200000000000	0.00070960954859227	0.00045336634370465
4.5300000000000	0.00071671875831466	0.00044887089899506
4.5400000000000	0.00072398339126675	0.00044428934407214
4.5500000000000	0.00073141687561845	0.00043960261500133
4.5600000000000	0.00073903215035362	0.00043478815034319
4.5700000000000	0.00074684113416635	0.00042981947449433
4.5800000000000	0.00075485403619919	0.00042466580144270
4.5900000000000	0.00076307848238694	0.00041929169571825
4.6000000000000	0.00077151843465030	0.00041365684193725
4.6100000000000	0.00078017288886191	0.00040771599149950
4.6200000000000	0.00078903435367272	0.00040141917351573
4.6300000000000	0.00079808713834272	0.00039471227457415
4.6400000000000	0.00080730551585362	0.00038753810434872
4.6500000000000	0.00081665187855181	0.00037983806522033
4.6600000000000	0.00082607506562141	0.00037155452588199
4.6700000000000	0.00083550910854818	0.00036263395221594
4.6800000000000	0.00084487270008888	0.00035303076560092
4.6900000000000	0.00085406972516604	0.00034271177623021
4.7000000000000	0.00086299117450782	0.00033166088390940
4.7100000000000	0.00087151867010627	0.00031988357274877
4.7200000000000	0.00087952965161557	0.00030741058717542
4.7300000000000	0.00088690401187384	0.00029430011452969
4.7400000000000	0.00089353166543147	0.00028063786271364
4.7500000000000	0.00089932025424986	0.00026653463683944
4.7600000000000	0.00090420202357334	0.00025212137214174
4.7700000000000	0.00090813891016780	0.00023754200691530
4.7800000000000	0.00091112510265700	0.00022294497594157
4.7900000000000	0.00091318672388341	0.00020847436305854
4.8000000000000	0.00091437875462240	0.00019426179748172
4.8100000000000	0.00091477974667284	0.00018042000290261
4.8200000000000	0.00091448515873537	0.00016703856875504
4.8300000000000	0.00091360023946334	0.00015418210883764
4.8400000000000	0.00091223328932754	0.00014189060613084
4.8500000000000	0.00091048991406656	0.00013018148643172
4.8600000000000	0.00090846861337788	0.00011905284420608
4.8700000000000	0.00090625779634592	0.00010848724809885
4.8800000000000	0.00090393412234923	9.8455642882710e-05
4.8900000000000	0.00090156194802084	8.8920995406644e-05
4.9000000000000	0.00089919361144394	7.9841467734825e-05
4.9100000000000	0.00089687028700819	7.1173017506745e-05
4.9200000000000	0.00089462317831352	6.2871412925676e-05
4.9300000000000	0.00089247486488448	5.4893706614436e-05
4.9400000000000	0.00089044066886636	4.7199243306002e-05
4.9500000000000	0.00088852995298315	3.9750287661969e-05
4.9600000000000	0.00088674729750282	3.2512357033071e-05
4.9700000000000	0.00088509353117191	2.5454335219375e-05
4.9800000000000	0.00088356660992626	1.8548431253644e-05
4.9900000000000	0.00088216234922550	1.1770034549927e-05
5.0000000000000	0.00088087502276610	5.0975059499334e-06
5.0100000000000	0.00087969784360713	-1.4880659910028e-06
5.0200000000000	0.00087862334462165	-8.0031224948005e-06
5.0300000000000	0.00087764367458865	-1.4461891414097e-05
5.0400000000000	0.00087675082482624	-2.0876634035491e-05
5.0500000000000	0.00087593679946901	-2.7257876110909e-05
5.0600000000000	0.00087519374061253	-3.3614620042944e-05
5.0700000000000	0.00087451401773569	-3.9954536988753e-05
5.0800000000000	0.00087389028916789	-4.6284138879492e-05
5.0900000000000	0.00087331554192357	-5.2608931141054e-05
5.1000000000000	0.00087278311499820	-5.8933547369313e-05
5.1100000000000	0.00087228671018650	-6.5261867458868e-05
5.1200000000000	0.00087182039363430	-7.1597120779728e-05
5.1300000000000	0.00087137859064083	-7.7941975989702e-05
5.1400000000000	0.00087095607567108	-8.4298619003636e-05
5.1500000000000	0.00087054795908785	-9.0668820537213e-05
5.1600000000000	0.00087014967175902	-9.7053994520252e-05
5.1700000000000	0.00086975694841471	-0.00010345524854755
5.1800000000000	0.00086936581040783	-0.00010987342740702
5.1900000000000	0.00086897254836112	-0.00011630915060573
5.2000000000000	0.00086857370504939	-0.00012276284470127
5.2100000000000	0.00086816605876371	-0.00012923477114474
5.2200000000000	0.00086774660732537	-0.00013572505024981
5.2300000000000	0.00086731255285810	-0.00014223368182125
5.2400000000000	0.00086686128738172	-0.00014876056290440
5.2500000000000	0.00086639037925728	-0.00015530550305475
5.2600000000000	0.00086589756048913	-0.00016186823747140
5.2700000000000	0.00086538071487171	-0.00016844843829133
5.2800000000000	0.00086483786695617	-0.00017504572429978
5.2900000000000	0.00086426717180424	-0.00018165966927661
5.3000000000000	0.00086366690549029	-0.00018828980916798
5.3100000000000	0.00086303545631067	-0.00019493564824612
5.3200000000000	0.00086237131665695	-0.00020159666439717
5.3300000000000	0.00086167307551008	-0.00020827231365783
5.3400000000000	0.00086093941151308	-0.00021496203410440
5.3500000000000	0.00086016908658109	-0.00022166524918366
5.3600000000000	0.00085936094000943	-0.00022838137056246
5.3700000000000	0.00085851388304217	-0.00023510980056235
5.3800000000000	0.00085762689386614	-0.00024184993423629
5.3900000000000	0.00085669901299724	-0.00024860116113684
5.4000000000000	0.00085572933902816	-0.00025536286681818
5.4100000000000	0.00085471702470897	-0.00026213443410881
5.4200000000000	0.00085366127333386	-0.00026891524418639
5.4300000000000	0.00085256133540960	-0.00027570467748233
5.4400000000000	0.00085141650558292	-0.00028250211443956
5.4500000000000	0.00085022611980588	-0.00028930693614402
5.4600000000000	0.00084898955272018	-0.00029611852484759
5.4700000000000	0.00084770621524253	-0.00030293626439765
5.4800000000000	0.00084637555233493	-0.00030975954058663
5.4900000000000	0.00084499704094491	-0.00031658774143287
5.5000000000000	0.00084357018810217	-0.00032342025740289
5.5100000000000	0.00084209452915887	-0.00033025648158347
5.5200000000000	0.00084056962616226	-0.00033709580981111
5.5300000000000	0.00083899506634896	-0.00034393764076531
5.5400000000000	0.00083737046075139	-0.00035078137603116
5.5500000000000	0.00083569544290723	-0.00035762642013612
5.5600000000000	0.00083396966766406	-0.00036447218056525
5.5700000000000	0.00083219281007150	-0.00037131806775829
5.5800000000000	0.00083036456435417	-0.00037816349509205
5.5900000000000	0.00082848464295905	-0.00038500787885037
5.6000000000000	0.00082655277567162	-0.00039185063818446
5.6100000000000	0.00082456870879541	-0.00039869119506520
5.6200000000000	0.00082253220439009	-0.00040552897422950
5.6300000000000	0.00082044303956367	-0.00041236340312190
5.6400000000000	0.00081830100581471	-0.00041919391183285
5.6500000000000	0.00081610590842076	-0.00042601993303482
5.6600000000000	0.00081385756586953	-0.00043284090191700
5.6700000000000	0.00081155580932963	-0.00043965625611948
5.6800000000000	0.00080920048215789	-0.00044646543566769
5.6900000000000	0.00080679143944066	-0.00045326788290740
5.7000000000000	0.00080432854756635	-0.00046006304244108
5.7100000000000	0.00080181168382727	-0.00046685036106577
5.7200000000000	0.00079924073604824	-0.00047362928771288
5.7300000000000	0.00079661560224030	-0.00048039927339033
5.7400000000000	0.00079393619027762	-0.00048715977112693
5.7500000000000	0.00079120241759579	-0.00049391023591949
5.7600000000000	0.00078841421091019	-0.00050065012468269
5.7700000000000	0.00078557150595286	-0.00050737889620167
5.7800000000000	0.00078267424722647	-0.00051409601108772
5.7900000000000	0.00077972238777430	-0.00052080093173676
5.8000000000000	0.00077671588896508	-0.00052749312229097
5.8100000000000	0.00077365472029151	-0.00053417204860338
5.8200000000000	0.00077053885918163	-0.00054083717820539
5.8300000000000	0.00076736829082195	-0.00054748798027745
5.8400000000000	0.00076414300799173	-0.00055412392562255
5.8500000000000	0.00076086301090738	-0.00056074448664264
5.8600000000000	0.00075752830707650	-0.00056734913731810
5.8700000000000	0.00075413891116056	-0.00057393735318975
5.8800000000000	0.00075069484484594	-0.00058050861134385
5.8900000000000	0.00074719613672255	-0.00058706239039970
5.9000000000000	0.00074364282216941	-0.00059359817049989
5.9100000000000	0.00074003494324685	-0.00060011543330311
5.9200000000000	0.00073637254859485	-0.00060661366197938
5.9300000000000	0.00073265569333689	-0.00061309234120787
5.9400000000000	0.00072888443898907	-0.00061955095717684
5.9500000000000	0.00072505885337408	-0.00062598899758601
5.9600000000000	0.00072117901053967	-0.00063240595165096
5.9700000000000	0.00071724499068114	-0.00063880131010986
5.9800000000000	0.00071325688006777	-0.00064517456523198
5.9900000000000	0.00070921477097276	-0.00065152521082830
6.0000000000000	0.00070511876160638	-0.00065785274226403
6.0100000000000	0.00070096895605213	-0.00066415665647280
6.0200000000000	0.00069676546420573	-0.00067043645197271
6.0300000000000	0.00069250840171656	-0.00067669162888398
6.0400000000000	0.00068819788993144	-0.00068292168894816
6.0500000000000	0.00068383405584061	-0.00068912613554893
6.0600000000000	0.00067941703202556	-0.00069530447373428
6.0700000000000	0.00067494695660873	-0.00070145621024010
6.0800000000000	0.00067042397320476	-0.00070758085351508
6.0900000000000	0.00066584823087320	-0.00071367791374683
6.1000000000000	0.00066121988407263	-0.00071974690288920
6.1100000000000	0.00065653909261583	-0.00072578733469072
6.1200000000000	0.00065180602162620	-0.00073179872472408
6.1300000000000	0.00064702084149494	-0.00073778059041662
6.1400000000000	0.00064218372783926	-0.00074373245108173
6.1500000000000	0.00063729486146115	-0.00074965382795113
6.1600000000000	0.00063235442830704	-0.00075554424420806
6.1700000000000	0.00062736261942774	-0.00076140322502103
6.1800000000000	0.00062231963093912	-0.00076723029757852
6.1900000000000	0.00061722566398303	-0.00077302499112415
6.2000000000000	0.00061208092468861	-0.00077878683699255
6.2100000000000	0.00060688562413390	-0.00078451536864576
6.2200000000000	0.00060163997830761	-0.00079021012171017
6.2300000000000	0.00059634420807102	-0.00079587063401382
6.2400000000000	0.00059099853912007	-0.00080149644562422
6.2500000000000	0.00058560320194735	-0.00080708709888648
6.2600000000000	0.00058015843180427	-0.00081264213846176
6.2700000000000	0.00057466446866299	-0.00081816111136600
6.2800000000000	0.00056912155717846	-0.00082364356700890
6.2900000000000	0.00056352994665016	-0.00082908905723304
6.3000000000000	0.00055788989098383	-0.00083449713635323
6.3100000000000	0.00055220164865298	-0.00083986736119592
6.3200000000000	0.00054646548266010	-0.00084519929113864
6.3300000000000	0.00054068166049778	-0.00085049248814961
6.3400000000000	0.00053485045410946	-0.00085574651682714
6.3500000000000	0.00052897213984996	-0.00086096094443926
6.3600000000000	0.00052304699844568	-0.00086613534096300
6.3700000000000	0.00051707531495452	-0.00087126927912378
6.3800000000000	0.00051105737872542	-0.00087636233443454
6.3900000000000	0.00050499348335760	-0.00088141408523474
6.4000000000000	0.00049888392665945	-0.00088642411272915
6.4100000000000	0.00049272901060703	-0.00089139200102642
6.4200000000000	0.00048652904130222	-0.00089631733717737
6.4300000000000	0.00048028432893046	-0.00090119971121298
6.4400000000000	0.00047399518771820	-0.00090603871618213
6.4500000000000	0.00046766193588981	-0.00091083394818888
6.4600000000000	0.00046128489562430	-0.00091558500642950
6.4700000000000	0.00045486439301144	-0.00092029149322899
6.4800000000000	0.00044840075800769	-0.00092495301407730
6.4900000000000	0.00044189432439159	-0.00092956917766498
6.5000000000000	0.00043534542971884	-0.00093413959591846
6.5100000000000	0.00042875441527701	-0.00093866388403481
6.5200000000000	0.00042212162603982	-0.00094314166051596
6.5300000000000	0.00041544741062111	-0.00094757254720241
6.5400000000000	0.00040873212122834	-0.00095195616930644
6.5500000000000	0.00040197611361590	-0.00095629215544463
6.5600000000000	0.00039517974703790	-0.00096058013766993
6.5700000000000	0.00038834338420069	-0.00096481975150302
6.5800000000000	0.00038146739121507	-0.00096901063596309
6.5900000000000	0.00037455213754815	-0.00097315243359800
6.6000000000000	0.00036759799597485	-0.00097724479051372
6.6100000000000	0.00036060534252917	-0.00098128735640318
6.6200000000000	0.00035357455645513	-0.00098527978457440
6.6300000000000	0.00034650602015744	-0.00098922173197788
6.6400000000000	0.00033940011915189	-0.00099311285923339
6.6500000000000	0.00033225724201550	-0.00099695283065591
6.6600000000000	0.00032507778033638	-0.0010007413142809
6.6700000000000	0.00031786212866348	-0.0010044779818891
6.6800000000000	0.00031061068445597	-0.0010081625090296
6.6900000000000	0.00030332384803251	-0.0010117945750438
6.7000000000000	0.00029600202252038	-0.0010153738630869
6.7100000000000	0.00028864561380429	-0.0010189000601497
6.7200000000000	0.00028125503047518	-0.0010223728570793
6.7300000000000	0.00027383068377882	-0.0010257919485988
6.7400000000000	0.00026637298756426	-0.0010291570333266
6.7500000000000	0.00025888235823223	-0.0010324678137944
6.7600000000000	0.00025135921468340	-0.0010357239964651
6.7700000000000	0.00024380397826660	-0.0010389252917489
6.7800000000000	0.00023621707272692	-0.0010420714140198
6.7900000000000	0.00022859892415385	-0.0010451620816301
6.8000000000000	0.00022094996092934	-0.0010481970169246
6.8100000000000	0.00021327061367584	-0.0010511759462545
6.8200000000000	0.00020556131520437	-0.0010540985999894
6.8300000000000	0.00019782250046264	-0.0010569647125291
6.8400000000000	0.00019005460648312	-0.0010597740223149
6.8500000000000	0.00018225807233129	-0.0010625262718391
6.8600000000000	0.00017443333905382	-0.0010652212076546
6.8700000000000	0.00016658084962698	-0.0010678585803834
6.8800000000000	0.00015870104890506	-0.0010704381447236
6.8900000000000	0.00015079438356894	-0.0010729596594569
6.9000000000000	0.00014286130207482	-0.0010754228874542
6.9100000000000	0.00013490225460308	-0.0010778275956807
6.9200000000000	0.00012691769300732	-0.0010801735552001
6.9300000000000	0.00011890807076357	-0.0010824605411787
6.9400000000000	0.00011087384291975	-0.0010846883328872
6.9500000000000	0.00010281546604531	-0.0010868567137035
6.9600000000000	9.4733398181121e-05	-0.0010889654711133
6.9700000000000	8.6628098789599e-05	-0.0010910143967105
6.9800000000000	7.8500028705132e-05	-0.0010930032861969
6.9900000000000	7.0349650084745e-05	-0.0010949319393808
7.0000000000000	6.2177426359110e-05	-0.0010968001601753
7.0100000000000	5.3983822183814e-05	-0.0010986077565952
7.0200000000000	4.5769303391011e-05	-0.0011003545407537
7.0300000000000	3.7534336941365e-05	-0.0011020403288583
7.0400000000000	2.9279390876377e-05	-0.0011036649412054
7.0500000000000	2.1004934271078e-05	-0.0011052282021751
7.0600000000000	1.2711437187096e-05	-0.0011067299402244
7.0700000000000	4.3993706261225e-06	-0.0011081699878806
7.0800000000000	-3.9307935162065e-06	-0.0011095481817327
7.0900000000000	-1.2278582496009e-05	-0.0011108643624237
7.1000000000000	-2.0643522766428e-05	-0.0011121183746409
7.1100000000000	-2.9025140022442e-05	-0.0011133100671065
7.1200000000000	-3.7422959245222e-05	-0.0011144392925667
7.1300000000000	-4.5836504746028e-05	-0.0011155059077807
7.1400000000000	-5.4265300209603e-05	-0.0011165097735094
7.1500000000000	-6.2708868737081e-05	-0.0011174507545023
7.1600000000000	-7.1166732888400e-05	-0.0011183287194850
7.1700000000000	-7.9638414724188e-05	-0.0011191435411457
7.1800000000000	-8.8123435847125e-05	-0.0011198950961208
7.1900000000000	-9.6621317442770e-05	-0.0011205832649803
7.2000000000000	-0.00010513158031985	-0.0011212079322125
7.2100000000000	-0.00011365374494998	-0.0011217689862084
7.2200000000000	-0.00012218733150684	-0.0011222663192453
7.2300000000000	-0.00013073185990475	-0.0011226998274698
7.2400000000000	-0.00013928684983672	-0.0011230694108806
7.2500000000000	-0.00014785182081184	-0.0011233749733108
7.2600000000000	-0.00015642629219211	-0.0011236164224094
7.2700000000000	-0.00016500978322870	-0.0011237936696229
7.2800000000000	-0.00017360181309753	-0.0011239066301757
7.2900000000000	-0.00018220190093431	-0.0011239552230508
7.3000000000000	-0.00019080956586889	-0.0011239393709698
7.3100000000000	-0.00019942432705902	-0.0011238590003723
7.3200000000000	-0.00020804570372348	-0.0011237140413952
7.3300000000000	-0.00021667321517452	-0.0011235044278518
7.3400000000000	-0.00022530638084977	-0.0011232300972098
7.3500000000000	-0.00023394472034333	-0.0011228909905699
7.3600000000000	-0.00024258775343641	-0.0011224870526433
7.3700000000000	-0.00025123500012712	-0.0011220182317296
7.3800000000000	-0.00025988598065975	-0.0011214844796938
7.3900000000000	-0.00026854021555328	-0.0011208857519431
7.4000000000000	-0.00027719722562933	-0.0011202220074040
7.4100000000000	-0.00028585653203934	-0.0011194932084986
7.4200000000000	-0.00029451765629114	-0.0011186993211207
7.4300000000000	-0.00030318012027484	-0.0011178403146120
7.4400000000000	-0.00031184344628804	-0.0011169161617377
7.4500000000000	-0.00032050715706037	-0.0011159268386624
7.4600000000000	-0.00032917077577735	-0.0011148723249253
7.4700000000000	-0.00033783382610357	-0.0011137526034158
7.4800000000000	-0.00034649583220524	-0.0011125676603484
7.4900000000000	-0.00035515631877200	-0.0011113174852378
7.5000000000000	-0.00036381481103809	-0.0011100020708739
7.5100000000000	-0.00037247083480285	-0.0011086214132968
7.5200000000000	-0.00038112391645054	-0.0011071755117712
7.5300000000000	-0.00038977358296948	-0.0011056643687613
7.5400000000000	-0.00039841936197056	-0.0011040879899055
7.5500000000000	-0.00040706078170503	-0.0011024463839909
7.5600000000000	-0.00041569737108165	-0.0011007395629280
7.5700000000000	-0.00042432865968321	-0.0010989675417253
7.5800000000000	-0.00043295417778231	-0.0010971303384635
7.5900000000000	-0.00044157345635661	-0.0010952279742710
7.6000000000000	-0.00045018602710326	-0.0010932604732974
7.6100000000000	-0.00045879142245289	-0.0010912278626892
7.6200000000000	-0.00046738917558272	-0.0010891301725640
7.6300000000000	-0.00047597882042926	-0.0010869674359856
7.6400000000000	-0.00048455989170019	-0.0010847396889388
7.6500000000000	-0.00049313192488576	-0.0010824469703045
7.6600000000000	-0.00050169445626942	-0.0010800893218348
7.6700000000000	-0.00051024702293795	-0.0010776667881284
7.6800000000000	-0.00051878916279093	-0.0010751794166060
7.6900000000000	-0.00052732041454959	-0.0010726272574858
7.7000000000000	-0.00053584031776505	-0.0010700103637593
7.7100000000000	-0.00054434841282603	-0.0010673287911673
7.7200000000000	-0.00055284424096589	-0.0010645825981761
7.7300000000000	-0.00056132734426914	-0.0010617718459536
7.7400000000000	-0.00056979726567734	-0.0010588965983459
7.7500000000000	-0.00057825354899448	-0.0010559569218545
7.7600000000000	-0.00058669573889173	-0.0010529528856126
7.7700000000000	-0.00059512338091170	-0.0010498845613631
7.7800000000000	-0.00060353602147213	-0.0010467520234357
7.7900000000000	-0.00061193320786902	-0.0010435553487248
7.8000000000000	-0.00062031448827928	-0.0010402946166679
7.8100000000000	-0.00062867941176281	-0.0010369699092235
7.8200000000000	-0.00063702752826412	-0.0010335813108501
7.8300000000000	-0.00064535838861336	-0.0010301289084853
7.8400000000000	-0.00065367154452696	-0.0010266127915248
7.8500000000000	-0.00066196654860773	-0.0010230330518027
7.8600000000000	-0.00067024295434445	-0.0010193897835707
7.8700000000000	-0.00067850031611107	-0.0010156830834793
7.8800000000000	-0.00068673818916539	-0.0010119130505579
7.8900000000000	-0.00069495612964732	-0.0010080797861965
7.9000000000000	-0.00070315369457670	-0.0010041833941266
7.9100000000000	-0.00071133044185067	-0.0010002239804037
7.9200000000000	-0.00071948593024065	-0.00099620165338899
7.9300000000000	-0.00072761971938890	-0.00099211652373267
7.9400000000000	-0.00073573136980467	-0.00098796870435661
7.9500000000000	-0.00074382044285996	-0.00098375831043805
7.9600000000000	-0.00075188650078497	-0.00097948545939357
7.9700000000000	-0.00075992910666304	-0.00097515027086350
7.9800000000000	-0.00076794782442541	-0.00097075286669676
7.9900000000000	-0.00077594221884548	-0.00096629337093614
8.0000000000000	-0.00078391185553282	-0.00096177190980409
8.0100000000000	-0.00079185630092687	-0.00095718861168893
8.0200000000000	-0.00079977512229022	-0.00095254360713157
8.0300000000000	-0.00080766788770176	-0.00094783702881261
8.0400000000000	-0.00081553416604935	-0.00094306901154007
8.0500000000000	-0.00082337352702236	-0.00093823969223749
8.0600000000000	-0.00083118554110388	-0.00093334920993256
8.0700000000000	-0.00083896977956265	-0.00092839770574625
8.0800000000000	-0.00084672581444482	-0.00092338532288247
8.0900000000000	-0.00085445321856538	-0.00091831220661814
8.1000000000000	-0.00086215156549946	-0.00091317850429393
8.1100000000000	-0.00086982042957338	-0.00090798436530535
8.1200000000000	-0.00087745938585547	-0.00090272994109446
8.1300000000000	-0.00088506801014677	-0.00089741538514211
8.1400000000000	-0.00089264587897149	-0.00089204085296060
8.1500000000000	-0.00090019256956737	-0.00088660650208704
8.1600000000000	-0.00090770765987585	-0.00088111249207707
8.1700000000000	-0.00091519072853206	-0.00087555898449923
8.1800000000000	-0.00092264135485482	-0.00086994614292983
8.1900000000000	-0.00093005911883634	-0.00086427413294837
8.2000000000000	-0.00093744360113200	-0.00085854312213349
8.2100000000000	-0.00094479438304988	-0.00085275328005947
8.2200000000000	-0.00095211104654031	-0.00084690477829330
8.2300000000000	-0.00095939317418535	-0.00084099779039228
8.2400000000000	-0.00096664034918812	-0.00083503249190216
8.2500000000000	-0.00097385215536225	-0.00082900906035582
8.2600000000000	-0.00098102817712111	-0.00082292767527260
8.2700000000000	-0.00098816799946718	-0.00081678851815805
8.2800000000000	-0.00099527120798132	-0.00081059177250431
8.2900000000000	-0.0010023373888121	-0.00080433762379103
8.3000000000000	-0.0010093661286650	-0.00079802625948685
8.3100000000000	-0.0010163570147920	-0.00079165786905145
8.3200000000000	-0.0010233096349808	-0.00078523264393807
8.3300000000000	-0.0010302235775441	-0.00077875077759672
8.3400000000000	-0.0010370984313095	-0.00077221246547785
8.3500000000000	-0.0010439337856089	-0.00076561790503657
8.3600000000000	-0.0010507292302681	-0.00075896729573748
8.3700000000000	-0.0010574843555964	-0.00075226083905999
8.3800000000000	-0.0010641987523770	-0.00074549873850425
8.3900000000000	-0.0010708720118567	-0.00073868119959757
8.4000000000000	-0.0010775037257359	-0.00073180842990142
8.4100000000000	-0.0010840934861591	-0.00072488063901897
8.4200000000000	-0.0010906408857055	-0.00071789803860314
8.4300000000000	-0.0010971455173792	-0.00071086084236526
8.4400000000000	-0.0011036069746003	-0.00070376926608419
8.4500000000000	-0.0011100248511960	-0.00069662352761601
8.4600000000000	-0.0011163987413915	-0.00068942384690425
8.4700000000000	-0.0011227282398017	-0.00068217044599065
8.4800000000000	-0.0011290129414226	-0.00067486354902638
8.4900000000000	-0.0011352524416234	-0.00066750338228388
8.5000000000000	-0.0011414463361387	-0.00066009017416915
8.5100000000000	-0.0011475942210606	-0.00065262415523458
8.5200000000000	-0.0011536956928317	-0.00064510555819228
8.5300000000000	-0.0011597503482381	-0.00063753461792791
8.5400000000000	-0.0011657577844023	-0.00062991157151504
8.5500000000000	-0.0011717175987770	-0.00062223665822995
8.5600000000000	-0.0011776293891393	-0.00061451011956701
8.5700000000000	-0.0011834927535843	-0.00060673219925442
8.5800000000000	-0.0011893072905203	-0.00059890314327060
8.5900000000000	-0.0011950725986633	-0.00059102319986085
8.6000000000000	-0.0012007882770322	-0.00058309261955469
8.6100000000000	-0.0012064539249452	-0.00057511165518350
8.6200000000000	-0.0012120691420148	-0.00056708056189872
8.6300000000000	-0.0012176335281451	-0.00055899959719046
8.6400000000000	-0.0012231466835281	-0.00055086902090654
8.6500000000000	-0.0012286082086412	-0.00054268909527205
8.6600000000000	-0.0012340177042449	-0.00053446008490921
8.6700000000000	-0.0012393747713810	-0.00052618225685782
8.6800000000000	-0.0012446790113706	-0.00051785588059598
8.6900000000000	-0.0012499300258139	-0.00050948122806131
8.7000000000000	-0.0012551274165894	-0.00050105857367257
8.7100000000000	-0.0012602707858534	-0.00049258819435164
8.7200000000000	-0.0012653597360413	-0.00048407036954592
8.7300000000000	-0.0012703938698678	-0.00047550538125110
8.7400000000000	-0.0012753727903287	-0.00046689351403432
8.7500000000000	-0.0012802961007029	-0.00045823505505768
8.7600000000000	-0.0012851634045547	-0.00044953029410211
8.7700000000000	-0.0012899743057370	-0.00044077952359160
8.7800000000000	-0.0012947284083947	-0.00043198303861778
8.7900000000000	-0.0012994253169689	-0.00042314113696479
8.8000000000000	-0.0013040646362016	-0.00041425411913451
8.8100000000000	-0.0013086459711407	-0.00040532228837212
8.8200000000000	-0.0013131689271464	-0.00039634595069193
8.8300000000000	-0.0013176331098969	-0.00038732541490347
8.8400000000000	-0.0013220381253957	-0.00037826099263799
8.8500000000000	-0.0013263835799795	-0.00036915299837511
8.8600000000000	-0.0013306690803257	-0.00036000174946981
8.8700000000000	-0.0013348942334620	-0.00035080756617960
8.8800000000000	-0.0013390586467754	-0.00034157077169207
8.8900000000000	-0.0013431619280222	-0.00033229169215252
8.9000000000000	-0.0013472036853392	-0.00032297065669192
8.9100000000000	-0.0013511835272545	-0.00031360799745506
8.9200000000000	-0.0013551010627000	-0.00030420404962886
8.9300000000000	-0.0013589559010238	-0.00029475915147095
8.9400000000000	-0.0013627476520037	-0.00028527364433833
8.9500000000000	-0.0013664759258613	-0.00027574787271634
8.9600000000000	-0.0013701403332764	-0.00026618218424763
8.9700000000000	-0.0013737404854030	-0.00025657692976137
8.9800000000000	-0.0013772759938847	-0.00024693246330262
8.9900000000000	-0.0013807464708721	-0.00023724914216171
9.0000000000000	-0.0013841515290400	-0.00022752732690388
9.0100000000000	-0.0013874907816056	-0.00021776738139884
9.0200000000000	-0.0013907638423479	-0.00020796967285061
9.0300000000000	-0.0013939703256267	-0.00019813457182729
9.0400000000000	-0.0013971098464036	-0.00018826245229094
9.0500000000000	-0.0014001820202627	-0.00017835369162750
9.0600000000000	-0.0014031864634329	-0.00016840867067679
9.0700000000000	-0.0014061227928102	-0.00015842777376245
9.0800000000000	-0.0014089906259811	-0.00014841138872197
9.0900000000000	-0.0014117895812471	-0.00013835990693664
9.1000000000000	-0.0014145192776490	-0.00012827372336156
9.1100000000000	-0.0014171793349930	-0.00011815323655557
9.1200000000000	-0.0014197693738770	-0.00010799884871111
9.1300000000000	-0.0014222890157178	-9.7810965684105e-05
9.1400000000000	-0.0014247378827788	-8.7589997023702e-05
9.1500000000000	-0.0014271155981991	-7.7336356001956e-05
9.1600000000000	-0.0014294217860230	-6.7050459643399e-05
9.1700000000000	-0.0014316560712298	-5.6732728754508e-05
9.1800000000000	-0.0014338180797654	-4.6383587953031e-05
9.1900000000000	-0.0014359074385740	-3.6003465697179e-05
9.2000000000000	-0.0014379237756306	-2.5592794314661e-05
9.2100000000000	-0.0014398667199746	-1.5152010031522e-05
9.2200000000000	-0.0014417359017438	-4.6815530008384e-06
9.2300000000000	-0.0014435309522098	5.8181326688392e-06
9.2400000000000	-0.0014452515038133	1.6346598885220e-05
9.2500000000000	-0.0014468971902012	2.6903393544265e-05
9.2600000000000	-0.0014484676462634	3.7488060502414e-05
9.2700000000000	-0.0014499625081715	4.8100139549072e-05
9.2800000000000	-0.0014513814134176	5.8739166379398e-05
9.2900000000000	-0.0014527240008539	6.9404672567340e-05
9.3000000000000	-0.0014539899107335	8.0096185539038e-05
9.3100000000000	-0.0014551787847514	9.0813228546489e-05
9.3200000000000	-0.0014562902660870	0.00010155532064160
9.3300000000000	-0.0014573239994469	0.00011232197665057
9.3400000000000	-0.0014582796311084	0.00012311270714864
9.3500000000000	-0.0014591568089642	0.00013392701843525
9.3600000000000	-0.0014599551825675	0.00014476441250958
9.3700000000000	-0.0014606744031783	0.00015562438704649
9.3800000000000	-0.0014613141238100	0.00016650643537294
9.3900000000000	-0.0014618739992770	0.00017741004644484
9.4000000000000	-0.0014623536862431	0.00018833470482427
9.4100000000000	-0.0014627528432706	0.00019927989065740
9.4200000000000	-0.0014630711308703	0.00021024507965263
9.4300000000000	-0.0014633082115521	0.00022122974305948
9.4400000000000	-0.0014634637498760	0.00023223334764783
9.4500000000000	-0.0014635374125050	0.00024325535568782
9.4600000000000	-0.0014635288682572	0.00025429522493025
9.4700000000000	-0.0014634377881600	0.00026535240858754
9.4800000000000	-0.0014632638455041	0.00027642635531534
9.4900000000000	-0.0014630067158986	0.00028751650919468
9.5000000000000	-0.0014626660773270	0.00029862230971475
9.5100000000000	-0.0014622416102034	0.00030974319175637
9.5200000000000	-0.0014617329974299	0.00032087858557602
9.5300000000000	-0.0014611399244544	0.00033202791679063
9.5400000000000	-0.0014604620793292	0.00034319060636293
9.5500000000000	-0.0014596991527703	0.00035436607058765
9.5600000000000	-0.0014588508382171	0.00036555372107827
9.5700000000000	-0.0014579168318934	0.00037675296475461
9.5800000000000	-0.0014568968328682	0.00038796320383112
9.5900000000000	-0.0014557905431179	0.00039918383580590
9.6000000000000	-0.0014545976675885	0.00041041425345051
9.6100000000000	-0.0014533179142592	0.00042165384480058
9.6200000000000	-0.0014519509942057	0.00043290199314719
9.6300000000000	-0.0014504966216647	0.00044415807702906
9.6400000000000	-0.0014489545140990	0.00045542147022558
9.6500000000000	-0.0014473243922628	0.00046669154175068
9.6600000000000	-0.0014456059802679	0.00047796765584752
9.6700000000000	-0.0014437990056504	0.00048924917198410
9.6800000000000	-0.0014419031994377	0.00050053544484970
9.6900000000000	-0.0014399182962165	0.00051182582435220
9.7000000000000	-0.0014378440342008	0.00052311965561638
9.7100000000000	-0.0014356801553009	0.00053441627898309
9.7200000000000	-0.0014334264051921	0.00054571503000929
9.7300000000000	-0.0014310825333853	0.00055701523946914
9.7400000000000	-0.0014286482932964	0.00056831623335597
9.7500000000000	-0.0014261234423172	0.00057961733288526
9.7600000000000	-0.0014235077418867	0.00059091785449854
9.7700000000000	-0.0014208009575622	0.00060221710986834
9.7800000000000	-0.0014180028590915	0.00061351440590407
9.7900000000000	-0.0014151132204850	0.00062480904475899
9.8000000000000	-0.0014121318200886	0.00063610032383813
9.8100000000000	-0.0014090584406564	0.00064738753580727
9.8200000000000	-0.0014058928694242	0.00065866996860295
9.8300000000000	-0.0014026348981836	0.00066994690544352
9.8400000000000	-0.0013992843233551	0.00068121762484130
9.8500000000000	-0.0013958409460633	0.00069248140061572
9.8600000000000	-0.0013923045722111	0.00070373750190756
9.8700000000000	-0.0013886750125544	0.00071498519319439
9.8800000000000	-0.0013849520827774	0.00072622373430686
9.8900000000000	-0.0013811356035678	0.00073745238044635
9.9000000000000	-0.0013772254006924	0.00074867038220353
9.9100000000000	-0.0013732213050726	0.00075987698557813
9.9200000000000	-0.0013691231528607	0.00077107143199980
9.9300000000000	-0.0013649307855152	0.00078225295835008
9.9400000000000	-0.0013606440498776	0.00079342079698554
9.9500000000000	-0.0013562627982485	0.00080457417576198
9.9600000000000	-0.0013517868884638	0.00081571231805987
9.9700000000000	-0.0013472161839712	0.00082683444281084
9.9800000000000	-0.0013425505539068	0.00083793976452535
9.9900000000000	-0.0013377898731717	0.00084902749332157
10.000000000000	-0.0013329340225082	0.00086009683495527
10.010000000000	-0.0013279828885769	0.00087114699085104
10.020000000000	-0.0013229363640325	0.00088217715813453
10.030000000000	-0.0013177943476012	0.00089318652966592
10.040000000000	-0.0013125567441565	0.00090417429407450
10.050000000000	-0.0013072234647956	0.00091513963579453
10.060000000000	-0.0013017944269160	0.00092608173510207
10.070000000000	-0.0012962695542916	0.00093699976815316
10.080000000000	-0.0012906487771482	0.00094789290702302
10.090000000000	-0.0012849320322401	0.00095876031974655
10.100000000000	-0.0012791192629253	0.00096960117035982
10.110000000000	-0.0012732104192412	0.00098041461894289
10.120000000000	-0.0012672054579796	0.00099119982166365
10.130000000000	-0.0012611043427623	0.0010019559308229
10.140000000000	-0.0012549070441152	0.0010126820949005
10.150000000000	-0.0012486135395435	0.0010233774586028
10.160000000000	-0.0012422238136052	0.0010340411629110
10.170000000000	-0.0012357378579858	0.0010446723451309
10.180000000000	-0.0012291556715713	0.0010552701389437
10.190000000000	-0.0012224772605215	0.0010658336744574
10.200000000000	-0.0012157026383434	0.0010763620782605
10.210000000000	-0.0012088318259630	0.0010868544734757
10.220000000000	-0.0012018648517977	0.0010973099798151
10.230000000000	-0.0011948017518281	0.0011077277136368
10.240000000000	-0.0011876425696690	0.0011181067880018
10.250000000000	-0.0011803873566404	0.0011284463127331
10.260000000000	-0.0011730361718375	0.0011387453944748
10.270000000000	-0.0011655890822008	0.0011490031367529
10.280000000000	-0.0011580461625850	0.0011592186400372
10.290000000000	-0.0011504074958286	0.0011693910018033
10.300000000000	-0.0011426731728210	0.0011795193165975
10.310000000000	-0.0011348432925712	0.0011896026761004
10.320000000000	-0.0011269179622743	0.0011996401691936
10.330000000000	-0.0011188972973783	0.0012096308820260
10.340000000000	-0.0011107814216500	0.0012195738980819
10.350000000000	-0.0011025704672403	0.0012294682982493
10.360000000000	-0.0010942645747488	0.0012393131608902
10.370000000000	-0.0010858638932880	0.0012491075619110
10.380000000000	-0.0010773685805465	0.0012588505748339
10.390000000000	-0.0010687788028519	0.0012685412708700
10.400000000000	-0.0010600947352330	0.0012781787189921
10.410000000000	-0.0010513165614808	0.0012877619860095
10.420000000000	-0.0010424444742092	0.0012972901366432
10.430000000000	-0.0010334786749153	0.0013067622336016
10.440000000000	-0.0010244193740383	0.0013161773376579
10.450000000000	-0.0010152667910181	0.0013255345077275
10.460000000000	-0.0010060211543532	0.0013348328009469
10.470000000000	-0.00099668270165734	0.0013440712727529
10.480000000000	-0.00098725167971611	0.0013532489769628
10.490000000000	-0.00097772834454232	0.0013623649658553
10.500000000000	-0.00096811296143070	0.0013714182902524
10.510000000000	-0.00095840580501185	0.0013804079996016
10.520000000000	-0.00094860715930545	0.0013893331420592
10.530000000000	-0.00093871731777257	0.0013981927645740
10.540000000000	-0.00092873658336736	0.0014069859129720
10.550000000000	-0.00091866526858775	0.0014157116320416
10.560000000000	-0.00090850369552550	0.0014243689656193
10.570000000000	-0.00089825219591543	0.0014329569566764
10.580000000000	-0.00088791111118377	0.0014414746474059
10.590000000000	-0.00087748079249584	0.0014499210793106
10.600000000000	-0.00086696160080277	0.0014582952932908
10.610000000000	-0.00085635390688760	0.0014665963297336
10.620000000000	-0.00084565809141044	0.0014748232286022
10.630000000000	-0.00083487454495292	0.0014829750295260
10.640000000000	-0.00082400366806177	0.0014910507718907
10.650000000000	-0.00081304587129173	0.0014990494949293
10.660000000000	-0.00080200157524752	0.0015069702378142
10.670000000000	-0.00079087121062521	0.0015148120397480
10.680000000000	-0.00077965521825262	0.0015225739400569
10.690000000000	-0.00076835404912916	0.0015302549782829
10.700000000000	-0.00075696816446471	0.0015378541942772
10.710000000000	-0.00074549803571791	0.0015453706282936
10.720000000000	-0.00073394414463362	0.0015528033210831
10.730000000000	-0.00072230698327967	0.0015601513139874
10.740000000000	-0.00071058705408286	0.0015674136490347
10.750000000000	-0.00069878486986434	0.0015745893690338
10.760000000000	-0.00068690095387413	0.0015816775176703
10.770000000000	-0.00067493583982511	0.0015886771396019
10.780000000000	-0.00066289007192626	0.0015955872805547
10.790000000000	-0.00065076420491520	0.0016024069874197
10.800000000000	-0.00063855880409019	0.0016091353083492
10.810000000000	-0.00062627444534140	0.0016157712928538
10.820000000000	-0.00061391171518156	0.0016223139919001
10.830000000000	-0.00060147121077614	0.0016287624580076
10.840000000000	-0.00058895353997278	0.0016351157453468
10.850000000000	-0.00057635932133024	0.0016413729098371
10.860000000000	-0.00056368918414680	0.0016475330092452
10.870000000000	-0.00055094376848811	0.0016535951032836
10.880000000000	-0.00053812372521454	0.0016595582537092
10.890000000000	-0.00052522971600804	0.0016654215244225
10.900000000000	-0.00051226241339854	0.0016711839815665
10.910000000000	-0.00049922250078983	0.0016768446936264
10.920000000000	-0.00048611067248517	0.0016824027315295
10.930000000000	-0.00047292763371230	0.0016878571687444
10.940000000000	-0.00045967410064821	0.0016932070813820
10.950000000000	-0.00044635080044349	0.0016984515482951
10.960000000000	-0.00043295847124633	0.0017035896511797
10.970000000000	-0.00041949786222628	0.0017086204746754
10.980000000000	-0.00040596973359758	0.0017135431064667
10.990000000000	-0.00039237485664238	0.0017183566373843
11.000000000000	-0.00037871401373362	0.0017230601615069
11.010000000000	-0.00036498799835767	0.0017276527762631
11.020000000000	-0.00035119761513691	0.0017321335825334
11.030000000000	-0.00033734367985194	0.0017365016847531
11.040000000000	-0.00032342701946386	0.0017407561910148
11.050000000000	-0.00030944847213624	0.0017448962131718
11.060000000000	-0.00029540888725714	0.0017489208669415
11.070000000000	-0.00028130912546094	0.0017528292720094
11.080000000000	-0.00026715005865024	0.0017566205521335
11.090000000000	-0.00025293257001763	0.0017602938352487
11.100000000000	-0.00023865755406755	0.0017638482535723
11.110000000000	-0.00022432591663813	0.0017672829437093
11.120000000000	-0.00020993857492306	0.0017705970467587
11.130000000000	-0.00019549645749363	0.0017737897084201
11.140000000000	-0.00018100050432074	0.0017768600791009
11.150000000000	-0.00016645166679714	0.0017798073140239
11.160000000000	-0.00015185090775974	0.0017826305733357
11.170000000000	-0.00013719920151214	0.0017853290222159
11.180000000000	-0.00012249753384729	0.0017879018309864
11.190000000000	-0.00010774690207038	0.0017903481752222
11.200000000000	-9.2948315022016e-05	0.0017926672358625
11.210000000000	-7.8102793101498e-05	0.0017948581993223
11.220000000000	-6.3211368290526e-05	0.0017969202576060
11.230000000000	-4.8275084177047e-05	0.0017988526084202
11.240000000000	-3.3294995979498e-05	0.0018006544552890
11.250000000000	-1.8272170571298e-05	0.0018023250076695
11.260000000000	-3.2076865056685e-06	0.0018038634810685
11.270000000000	1.1897365959155e-05	0.0018052690971600
11.280000000000	2.7041884834451e-05	0.0018065410839049
11.290000000000	4.2224756375094e-05	0.0018076786756701
11.300000000000	5.7444855053350e-05	0.0018086811133510
11.310000000000	7.2701043532231e-05	0.0018095476444933
11.320000000000	8.7992172638537e-05	0.0018102775234178
11.330000000000	0.00010331708133546	0.0018108700113458
11.340000000000	0.00011867459669483	0.0018113243765259
11.350000000000	0.00013406353386904	0.0018116398943630
11.360000000000	0.00014948269606243	0.0018118158475488
11.370000000000	0.00016493087450252	0.0018118515261932
11.380000000000	0.00018040684841065	0.0018117462279591
11.390000000000	0.00019590938497247	0.0018114992581972
11.400000000000	0.00021143723930789	0.0018111099300844
11.410000000000	0.00022698915444085	0.0018105775647631
11.420000000000	0.00024256386126872	0.0018099014914831
11.430000000000	0.00025816007853134	0.0018090810477458
11.440000000000	0.00027377651277991	0.0018081155794502
11.450000000000	0.00028941185834552	0.0018070044410419
11.460000000000	0.00030506479730750	0.0018057469956635
11.470000000000	0.00032073399946160	0.0018043426153090
11.480000000000	0.00033641812228799	0.0018027906809795
11.490000000000	0.00035211581091912	0.0018010905828422
11.500000000000	0.00036782569810754	0.0017992417203923
11.510000000000	0.00038354640419369	0.0017972435026173
11.520000000000	0.00039927653707361	0.0017950953481648
11.530000000000	0.00041501469216687	0.0017927966855132
11.540000000000	0.00043075945238449	0.0017903469531451
11.550000000000	0.00044650938809711	0.0017877455997249
11.560000000000	0.00046226305710337	0.0017849920842790
11.570000000000	0.00047801900459860	0.0017820858763798
11.580000000000	0.00049377576314396	0.0017790264563330
11.590000000000	0.00050953185263591	0.0017758133153687
11.600000000000	0.00052528578027639	0.0017724459558367
11.610000000000	0.00054103604054347	0.0017689238914045
11.620000000000	0.00055678111516279	0.0017652466472608
11.630000000000	0.00057251947307986	0.0017614137603216
11.640000000000	0.00058824957043317	0.0017574247794411
11.650000000000	0.00060396985052836	0.0017532792656273
11.660000000000	0.00061967874381357	0.0017489767922609
11.670000000000	0.00063537466785599	0.0017445169453198
11.680000000000	0.00065105602731972	0.0017398993236070
11.690000000000	0.00066672121394525	0.0017351235389838
11.700000000000	0.00068236860653045	0.0017301892166080
11.710000000000	0.00069799657091337	0.0017250959951761
11.720000000000	0.00071360345995697	0.0017198435271710
11.730000000000	0.00072918761353583	0.0017144314791147
11.740000000000	0.00074474735852515	0.0017088595318258
11.750000000000	0.00076028100879207	0.0017031273806823
11.760000000000	0.00077578686518959	0.0016972347358898
11.770000000000	0.00079126321555306	0.0016911813227550
11.780000000000	0.00080670833469980	0.0016849668819644
11.790000000000	0.00082212048443155	0.0016785911698690
11.800000000000	0.00083749791354037	0.0016720539587737
11.810000000000	0.00085283885781789	0.0016653550372335
11.820000000000	0.00086814154006838	0.0016584942103542
11.830000000000	0.00088340417012552	0.0016514713001002
11.840000000000	0.00089862494487344	0.0016442861456067
11.850000000000	0.00091380204827205	0.0016369386034989
11.860000000000	0.00092893365138685	0.0016294285482163
11.870000000000	0.00094401791242367	0.0016217558723440
11.880000000000	0.00095905297676838	0.0016139204869488
11.890000000000	0.00097403697703191	0.0016059223219221
11.900000000000	0.00098896803310086	0.0015977613263288
11.910000000000	0.0010038442521939	0.0015894374687621
11.920000000000	0.0010186637289242	0.0015809507377042
11.930000000000	0.0010334245453686	0.0015723011418937
11.940000000000	0.0010481247711427	0.0015634887106985
11.950000000000	0.0010627624634837	0.0015545134944951
11.960000000000	0.0010773356673400	0.0015453755650539
11.970000000000	0.0010918424154687	0.0015360750159304
11.980000000000	0.0011062807285401	0.0015266119628627
11.990000000000	0.0011206486152520	0.0015169865441744
12.000000000000	0.0011349440724505	0.0015071989211842
12.010000000000	0.0011491650852614	0.0014972492786205
12.020000000000	0.0011633096272297	0.0014871378250423
12.030000000000	0.0011773756604685	0.0014768647932657
12.040000000000	0.0011913611358190	0.0014664304407952
12.050000000000	0.0012052639930189	0.0014558350502621
12.060000000000	0.0012190821608825	0.0014450789298664
12.070000000000	0.0012328135574918	0.0014341624138248
12.080000000000	0.0012464560903977	0.0014230858628241
12.090000000000	0.0012600076568344	0.0014118496644783
12.100000000000	0.0012734661439442	0.0014004542337918
12.110000000000	0.0012868294290158	0.0013889000136256
12.120000000000	0.0013000953797347	0.0013771874751695
12.130000000000	0.0013132618544469	0.0013653171184165
12.140000000000	0.0013263267024362	0.0013532894726426
12.150000000000	0.0013392877642151	0.0013411050968893
12.160000000000	0.0013521428718297	0.0013287645804498
12.170000000000	0.0013648898491802	0.0013162685433578
12.180000000000	0.0013775265123549	0.0013036176368795
12.190000000000	0.0013900506699807	0.0012908125440075
12.200000000000	0.0014024601235891	0.0012778539799575
12.210000000000	0.0014147526679977	0.0012647426926656
12.220000000000	0.0014269260917090	0.0012514794632876
12.230000000000	0.0014389781773253	0.0012380651066993
12.240000000000	0.0014509067019814	0.0012245004719969
12.250000000000	0.0014627094377943	0.0012107864429976
12.260000000000	0.0014743841523312	0.0011969239387399
12.270000000000	0.0014859286090955	0.0011829139139827
12.280000000000	0.0014973405680314	0.0011687573597032
12.290000000000	0.0015086177860479	0.0011544553035934
12.300000000000	0.0015197580175607	0.0011400088105528
12.310000000000	0.0015307590150554	0.0011254189831796
12.320000000000	0.0015416185296691	0.0011106869622575
12.330000000000	0.0015523343117925	0.0010958139272381
12.340000000000	0.0015629041116930	0.0010808010967193
12.350000000000	0.0015733256801574	0.0010656497289173
12.360000000000	0.0015835967691565	0.0010503611221331
12.370000000000	0.0015937151325296	0.0010349366152121
12.380000000000	0.0016036785266917	0.0010193775879955
12.390000000000	0.0016134847113609	0.0010036854617645
12.400000000000	0.0016231314503085	0.00098786169967453
12.410000000000	0.0016326165121298	0.00097190780718027
12.420000000000	0.0016419376710384	0.00095582533244965
12.430000000000	0.0016510927076805	0.00093961586676682
12.440000000000	0.0016600794099734	0.00092328104492256
12.450000000000	0.0016688955739642	0.00090682254559183
12.460000000000	0.0016775390047125	0.00089024209169723
12.470000000000	0.0016860075171938	0.00087354145075763
12.480000000000	0.0016942989372259	0.00085672243522106
12.490000000000	0.0017024111024170	0.00083978690278093
12.500000000000	0.0017103418631358	0.00082273675667464
12.510000000000	0.0017180890835040	0.00080557394596357
12.520000000000	0.0017256506424091	0.00078830046579364
12.530000000000	0.0017330244345406	0.00077091835763528
12.540000000000	0.0017402083714454	0.00075342970950199
12.550000000000	0.0017472003826058	0.00073583665614631
12.560000000000	0.0017539984165373	0.00071814137923241
12.570000000000	0.0017606004419068	0.00070034610748408
12.580000000000	0.0017670044486705	0.00068245311680723
12.590000000000	0.0017732084492318	0.00066446473038585
12.600000000000	0.0017792104796176	0.00064638331875033
12.610000000000	0.0017850086006730	0.00062821129981726
12.620000000000	0.0017906008992745	0.00060995113889947
12.630000000000	0.0017959854895591	0.00059160534868554
12.640000000000	0.0018011605141716	0.00057317648918749
12.650000000000	0.0018061241455260	0.00055466716765587
12.660000000000	0.0018108745870835	0.00053608003846110
12.670000000000	0.0018154100746433	0.00051741780294005
12.680000000000	0.0018197288776479	0.00049868320920704
12.690000000000	0.0018238293004999	0.00047987905192807
12.700000000000	0.0018277096838911	0.00046100817205751
