#Parameters = {Lh=0.033016666666667; Oa=0.049839326046652; Oo=0.0041966915170919; a=0.5; d=0.035; h=9; p=3; phi=0; r_1=2; r_2=2.7; s=0.2; t=0.2; theta=0; w=12}
#""	"ExpTerm [Re]"	"ExpTerm [Im]"
#--------------------------------
2.7000000000000	-0.00054157614223965	-4.5424268282846e-06
2.7100000000000	-0.00054541301508471	-1.7239289805605e-05
2.7200000000000	-0.00054886626524775	-3.0069386529429e-05
2.7300000000000	-0.00055193324383443	-4.3015294564972e-05
2.7400000000000	-0.00055461233413614	-5.6059750106776e-05
2.7500000000000	-0.00055690291315842	-6.9185717424329e-05
2.7600000000000	-0.00055880530848686	-8.2376452628456e-05
2.7700000000000	-0.00056032075125366	-9.5615561527079e-05
2.7800000000000	-0.00056145132595743	-0.00010888705143728
2.7900000000000	-0.00056219991786547	-0.00012217537691196
2.8000000000000	-0.00056257015869493	-0.00013546547942255
2.8100000000000	-0.00056256637122793	-0.00014874282111343
2.8200000000000	-0.00056219351346763	-0.00016199341280811
2.8300000000000	-0.00056145712288944	-0.00017520383650235
2.8400000000000	-0.00056036326128600	-0.00018836126262419
2.8500000000000	-0.00055891846064643	-0.00020145346237648
2.8600000000000	-0.00055712967045295	-0.00021446881550442
2.8700000000000	-0.00055500420672022	-0.00022739631384848
2.8800000000000	-0.00055254970304813	-0.00024022556105407
2.8900000000000	-0.00054977406390539	-0.00025294676881275
2.9000000000000	-0.00054668542031218	-0.00026555075000791
2.9100000000000	-0.00054329208804429	-0.00027802890913022
2.9200000000000	-0.00053960252843933	-0.00029037323031658
2.9300000000000	-0.00053562531184798	-0.00030257626335114
2.9400000000000	-0.00053136908374028	-0.00031463110794904
2.9500000000000	-0.00052684253344735	-0.00032653139662352
2.9600000000000	-0.00052205436549456	-0.00033827127641567
2.9700000000000	-0.00051701327346068	-0.00034984538974400
2.9800000000000	-0.00051172791628046	-0.00036124885460828
2.9900000000000	-0.00050620689689402	-0.00037247724435960
3.0000000000000	-0.00050045874313585	-0.00038352656722661
3.0100000000000	-0.00049449189074797	-0.00039439324576637
3.0200000000000	-0.00048831466839676	-0.00040507409638779
3.0300000000000	-0.00048193528456935	-0.00041556630907614
3.0400000000000	-0.00047536181622451	-0.00042586742742915
3.0500000000000	-0.00046860219907324	-0.00043597532909801
3.0600000000000	-0.00046166421936578	-0.00044588820671122
3.0700000000000	-0.00045455550706515	-0.00045560454934506
3.0800000000000	-0.00044728353029062	-0.00046512312459124
3.0900000000000	-0.00043985559091933	-0.00047444296126125
3.1000000000000	-0.00043227882123937	-0.00048356333275601
3.1100000000000	-0.00042456018155303	-0.00049248374112089
3.1200000000000	-0.00041670645863462	-0.00050120390179756
3.1300000000000	-0.00040872426495329	-0.00050972372907779
3.1400000000000	-0.00040062003857710	-0.00051804332225781
3.1500000000000	-0.00039240004368041	-0.00052616295248707
3.1600000000000	-0.00038407037158267	-0.00053408305030090
3.1700000000000	-0.00037563694225203	-0.00054180419382285
3.1800000000000	-0.00036710550621278	-0.00054932709761989
3.1900000000000	-0.00035848164680081	-0.00055665260219098
3.2000000000000	-0.00034977078271621	-0.00056378166406813
3.2100000000000	-0.00034097817082657	-0.00057071534650732
3.2200000000000	-0.00033210890917946	-0.00057745481074601
3.2300000000000	-0.00032316794018592	-0.00058400130780326
3.2400000000000	-0.00031416005394136	-0.00059035617079808
3.2500000000000	-0.00030508989165323	-0.00059652080776173
3.2600000000000	-0.00029596194914845	-0.00060249669491972
3.2700000000000	-0.00028678058043634	-0.00060828537041965
3.2800000000000	-0.00027755000130582	-0.00061388842848139
3.2900000000000	-0.00026827429293794	-0.00061930751394680
3.3000000000000	-0.00025895740551717	-0.00062454431720673
3.3100000000000	-0.00024960316182703	-0.00062960056948404
3.3200000000000	-0.00024021526081754	-0.00063447803845155
3.3300000000000	-0.00023079728113346	-0.00063917852416558
3.3400000000000	-0.00022135268459419	-0.00064370385529568
3.3500000000000	-0.00021188481961731	-0.00064805588563253
3.3600000000000	-0.00020239692457904	-0.00065223649085673
3.3700000000000	-0.00019289213110611	-0.00065624756555195
3.3800000000000	-0.00018337346729449	-0.00066009102044688
3.3900000000000	-0.00017384386085107	-0.00066376877987107
3.4000000000000	-0.00016430614215566	-0.00066728277941081
3.4100000000000	-0.00015476304724092	-0.00067063496375158
3.4200000000000	-0.00014521722068855	-0.00067382728469484
3.4300000000000	-0.00013567121844086	-0.00067686169933707
3.4400000000000	-0.00012612751052694	-0.00067974016840031
3.4500000000000	-0.00011658848370336	-0.00068246465470334
3.4600000000000	-0.00010705644400948	-0.00068503712176415
3.4700000000000	-9.7533619237895e-05	-0.00068745953252405
3.4800000000000	-8.8022161320826e-05	-0.00068973384818515
3.4900000000000	-7.8524148633329e-05	-0.00069186202715269
3.5000000000000	-6.9041588214550e-05	-0.00069384602407512
3.5100000000000	-5.9576417908404e-05	-0.00069568778897432
3.5200000000000	-5.0130508425081e-05	-0.00069738926645971
3.5300000000000	-4.0705665325018e-05	-0.00069895239501975
3.5400000000000	-3.1303630927061e-05	-0.00070037910638522
3.5500000000000	-2.1926086142419e-05	-0.00070167132495879
3.5600000000000	-1.2574652236439e-05	-0.00070283096730584
3.5700000000000	-3.2508925198012e-06	-0.00070385994170186
3.5800000000000	6.0436860287584e-06	-0.00070476014773203
3.5900000000000	1.5307631206550e-05	-0.00070553347593907
3.6000000000000	2.4539544095754e-05	-0.00070618180751535
3.6100000000000	3.3738077635366e-05	-0.00070670701403614
3.6200000000000	4.2901935254123e-05	-0.00070711095723043
3.6300000000000	5.2029869562831e-05	-0.00070739548878672
3.6400000000000	6.1120681104262e-05	-0.00070756245019072
3.6500000000000	7.0173217158794e-05	-0.00070761367259284
3.6600000000000	7.9186370604285e-05	-0.00070755097670284
3.6700000000000	8.8159078828405e-05	-0.00070737617270988
3.6800000000000	9.7090322692033e-05	-0.00070709106022583
3.6900000000000	0.00010597912554209	-0.00070669742825034
3.7000000000000	0.00011482455227259	-0.00070619705515608
3.7100000000000	0.00012362570843238	-0.00070559170869274
3.7200000000000	0.00013238173937859	-0.00070488314600866
3.7300000000000	0.00014109182947452	-0.00070407311368901
3.7400000000000	0.00014975520133088	-0.00070316334780962
3.7500000000000	0.00015837111508973	-0.00070215557400559
3.7600000000000	0.00016693886775008	-0.00070105150755421
3.7700000000000	0.00017545779253454	-0.00069985285347144
3.7800000000000	0.00018392725829656	-0.00069856130662164
3.7900000000000	0.00019234666896779	-0.00069717855184031
3.8000000000000	0.00020071546304527	-0.00069570626406937
3.8100000000000	0.00020903311311839	-0.00069414610850512
3.8200000000000	0.00021729912543573	-0.00069249974075873
3.8300000000000	0.00022551303951186	-0.00069076880702926
3.8400000000000	0.00023367442777468	-0.00068895494428945
3.8500000000000	0.00024178289525382	-0.00068705978048435
3.8600000000000	0.00024983807931093	-0.00068508493474314
3.8700000000000	0.00025783964941297	-0.00068303201760446
3.8800000000000	0.00026578730694977	-0.00068090263125546
3.8900000000000	0.00027368078509732	-0.00067869836978526
3.9000000000000	0.00028151984872883	-0.00067642081945297
3.9100000000000	0.00028930429437550	-0.00067407155897095
3.9200000000000	0.00029703395023963	-0.00067165215980368
3.9300000000000	0.00030470867626272	-0.00066916418648283
3.9400000000000	0.00031232836425196	-0.00066660919693890
3.9500000000000	0.00031989293806867	-0.00066398874285000
3.9600000000000	0.00032740235388266	-0.00066130437000818
3.9700000000000	0.00033485660049736	-0.00065855761870356
3.9800000000000	0.00034225569975063	-0.00065575002412679
3.9900000000000	0.00034959970699705	-0.00065288311678976
4.0000000000000	0.00035688871167826	-0.00064995842296485
4.0100000000000	0.00036412283798821	-0.00064697746514236
4.0200000000000	0.00037130224564141	-0.00064394176250611
4.0300000000000	0.00037842713075298	-0.00064085283142624
4.0400000000000	0.00038549772684023	-0.00063771218596855
4.0500000000000	0.00039251430595663	-0.00063452133841921
4.0600000000000	0.00039947717997009	-0.00063128179982254
4.0700000000000	0.00040638670199911	-0.00062799508053018
4.0800000000000	0.00041324326802130	-0.00062466269075823
4.0900000000000	0.00042004731867083	-0.00062128614114862
4.1000000000000	0.00042679934124285	-0.00061786694333007
4.1100000000000	0.00043349987192491	-0.00061440661047248
4.1200000000000	0.00044014949827785	-0.00061090665782773
4.1300000000000	0.00044674886199049	-0.00060736860324743
4.1400000000000	0.00045329866193572	-0.00060379396766748
4.1500000000000	0.00045979965755787	-0.00060018427554525
4.1600000000000	0.00046625267262521	-0.00059654105523432
4.1700000000000	0.00047265859938412	-0.00059286583927664
4.1800000000000	0.00047901840315619	-0.00058916016458961
4.1900000000000	0.00048533312742320	-0.00058542557251961
4.2000000000000	0.00049160389945007	-0.00058166360872890
4.2100000000000	0.00049783193650060	-0.00057787582287621
4.2200000000000	0.00050401855270652	-0.00057406376804202
4.2300000000000	0.00051016516665673	-0.00057022899984320
4.2400000000000	0.00051627330977912	-0.00056637307516702
4.2500000000000	0.00052234463559510	-0.00056249755044437
4.2600000000000	0.00052838092993358	-0.00055860397936471
4.2700000000000	0.00053438412219835	-0.00055469390991688
4.2800000000000	0.00054035629779081	-0.00055076888061860
4.2900000000000	0.00054629971179554	-0.00054683041576953
4.3000000000000	0.00055221680404642	-0.00054288001953392
4.3100000000000	0.00055811021569045	-0.00053891916861821
4.3200000000000	0.00056398280737772	-0.00053494930326928
4.3300000000000	0.00056983767920037	-0.00053097181626282
4.3400000000000	0.00057567819250567	-0.00052698803949194
4.3500000000000	0.00058150799369659	-0.00052299922769254
4.3600000000000	0.00058733104012029	-0.00051900653875597
4.3700000000000	0.00059315162811554	-0.00051501100997865
4.3800000000000	0.00059897442325051	-0.00051101352948168
4.3900000000000	0.00060480449272214	-0.00050701480189355
4.4000000000000	0.00061064733979883	-0.00050301530723468
4.4100000000000	0.00061650894007141	-0.00049901525175804
4.4200000000000	0.00062239577910686	-0.00049501450929580
4.4300000000000	0.00062831489087630	-0.00049101255143299
4.4400000000000	0.00063427389602864	-0.00048700836457761
4.4500000000000	0.00064028103867938	-0.00048300035172951
4.4600000000000	0.00064634521986717	-0.00047898621648010
4.4700000000000	0.00065247602514672	-0.00047496282650947
4.4800000000000	0.00065868374292486	-0.00047092605363692
4.4900000000000	0.00066497936903408	-0.00046687058733955
4.5000000000000	0.00067137459166146	-0.00046278971867206
4.5100000000000	0.00067788174903424	-0.00045867509178533
4.5200000000000	0.00068451375020036	-0.00045451642086215
4.5300000000000	0.00069128394678419	-0.00045030117148400
4.5400000000000	0.00069820594079292	-0.00044601420740477
4.5500000000000	0.00070529331047222	-0.00044163740676445
4.5600000000000	0.00071255923305380	-0.00043714925628789
4.5700000000000	0.00072001598039390	-0.00043252443838757
4.5800000000000	0.00072767426154762	-0.00042773343478442
4.5900000000000	0.00073554238621140	-0.00042274218161268
4.6000000000000	0.00074362522603525	-0.00041751182516348
4.6100000000000	0.00075192295883097	-0.00041199864415241
4.6200000000000	0.00076042959593345	-0.00040615422260165
4.6300000000000	0.00076913131777053	-0.00039992597487128
4.6400000000000	0.00077800467924644	-0.00039325813710975
4.6500000000000	0.00078701479572327	-0.00038609334154699
4.6600000000000	0.00079611368064078	-0.00037837487374278
4.6700000000000	0.00080523897129042	-0.00037004966919343
4.6800000000000	0.00081431333822997	-0.00036107202666009
4.6900000000000	0.00082324490805509	-0.00035140789793881
4.7000000000000	0.00083192901539072	-0.00034103946372037
4.7100000000000	0.00084025151476556	-0.00032996954306432
4.7200000000000	0.00084809371214670	-0.00031822524622202
4.7300000000000	0.00085533872531562	-0.00030586021528421
4.7400000000000	0.00086187878727581	-0.00029295485198256
4.7500000000000	0.00086762273255339	-0.00027961413431173
4.7600000000000	0.00087250273391194	-0.00026596296119942
4.7700000000000	0.00087647935726390	-0.00025213937629013
4.7800000000000	0.00087954420451693	-0.00023828640919997
4.7900000000000	0.00088171978549858	-0.00022454352967265
4.8000000000000	0.00088305671223385	-0.00021103876391011
4.8100000000000	0.00088362872617544	-0.00019788236152379
4.8200000000000	0.00088352635129303	-0.00018516257950952
4.8300000000000	0.00088285006189828	-0.00017294376134501
4.8400000000000	0.00088170377196389	-0.00016126653384160
4.8500000000000	0.00088018924661340	-0.00015014969266329
4.8600000000000	0.00087840177911897	-0.00013959322692045
4.8700000000000	0.00087642723327723	-0.00012958193205260
4.8800000000000	0.00087434036318601	-0.00012008914255579
4.8900000000000	0.00087220420574948	-0.00011108023995325
4.9000000000000	0.00087007029082566	-0.00010251572131560
4.9100000000000	0.00086797941373977	-9.4353726462047e-05
4.9200000000000	0.00086596274590030	-8.6552006990428e-05
4.9300000000000	0.00086404310479853	-7.9069376114237e-05
4.9400000000000	0.00086223625271006	-7.1866708965513e-05
4.9500000000000	0.00086055213672071	-6.4907574858962e-05
4.9600000000000	0.00085899601793086	-5.8158582327141e-05
4.9700000000000	0.00085756946413611	-5.1589509830061e-05
4.9800000000000	0.00085627119871202	-4.5173283809400e-05
4.9900000000000	0.00085509781031297	-3.8885853760843e-05
5.0000000000000	0.00085404433489635	-3.2706002738751e-05
5.0100000000000	0.00085310472495510	-2.6615121936314e-05
5.0200000000000	0.00085227222186180	-2.0596969937586e-05
5.0300000000000	0.00085153964677756	-1.4637430881610e-05
5.0400000000000	0.00085089962431901	-8.7242809258209e-06
5.0500000000000	0.00085034475151479	-2.8469687951039e-06
5.0600000000000	0.00084986772282174	3.0035863895618e-06
5.0700000000000	0.00084946142025850	8.8351786204443e-06
5.0800000000000	0.00084911897615362	1.4654479690812e-05
5.0900000000000	0.00084883381462639	2.0467185691870e-05
5.1000000000000	0.00084859967674252	2.6278146425639e-05
5.1100000000000	0.00084841063329384	3.2091479098498e-05
5.1200000000000	0.00084826108833471	3.7910667769840e-05
5.1300000000000	0.00084814577593572	4.3738650037179e-05
5.1400000000000	0.00084805975207690	4.9577892386783e-05
5.1500000000000	0.00084799838316642	5.5430455547239e-05
5.1600000000000	0.00084795733232590	6.1298051073110e-05
5.1700000000000	0.00084793254431036	6.7182090267782e-05
5.1800000000000	0.00084792022971430	7.3083726436534e-05
5.1900000000000	0.00084791684894907	7.9003891348121e-05
5.2000000000000	0.00084791909634414	8.4943326677525e-05
5.2100000000000	0.00084792388462482	9.0902611106453e-05
5.2200000000000	0.00084792832994079	9.6882183671345e-05
5.2300000000000	0.00084792973756077	0.00010288236387145
5.2400000000000	0.00084792558830389	0.00010890336898132
5.2500000000000	0.00084791352574462	0.00011494532895211
5.2600000000000	0.00084789134420341	0.00012100829923371
5.2700000000000	0.00084785697751742	0.00012709227180437
5.2800000000000	0.00084780848857238	0.00013319718465472
5.2900000000000	0.00084774405956849	0.00013932292993927
5.3000000000000	0.00084766198298664	0.00014546936097876
5.3100000000000	0.00084756065321861	0.00015163629827130
5.3200000000000	0.00084743855882225	0.00015782353464848
5.3300000000000	0.00084729427536269	0.00016403083969369
5.3400000000000	0.00084712645880057	0.00017025796352351
5.3500000000000	0.00084693383938951	0.00017650464001951
5.3600000000000	0.00084671521604631	0.00018277058958523
5.3700000000000	0.00084646945115914	0.00018905552149326
5.3800000000000	0.00084619546580086	0.00019535913587829
5.3900000000000	0.00084589223531661	0.00020168112542427
5.4000000000000	0.00084555878525666	0.00020802117678737
5.4100000000000	0.00084519418762779	0.00021437897179079
5.4200000000000	0.00084479755743796	0.00022075418842252
5.4300000000000	0.00084436804951126	0.00022714650166286
5.4400000000000	0.00084390485555171	0.00023355558416522
5.4500000000000	0.00084340720143609	0.00023998110681015
5.4600000000000	0.00084287434471766	0.00024642273915019
5.4700000000000	0.00084230557232400	0.00025288014976065
5.4800000000000	0.00084170019843359	0.00025935300650948
5.4900000000000	0.00084105756251691	0.00026584097675753
5.5000000000000	0.00084037702752918	0.00027234372749912
5.5100000000000	0.00083965797824271	0.00027886092545157
5.5200000000000	0.00083889981970799	0.00028539223710091
5.5300000000000	0.00083810197583345	0.00029193732871046
5.5400000000000	0.00083726388807467	0.00029849586629771
5.5500000000000	0.00083638501422459	0.00030506751558449
5.5600000000000	0.00083546482729703	0.00031165194192453
5.5700000000000	0.00083450281449629	0.00031824881021213
5.5800000000000	0.00083349847626643	0.00032485778477521
5.5900000000000	0.00083245132541417	0.00033147852925532
5.6000000000000	0.00083136088629983	0.00033811070647714
5.6100000000000	0.00083022669409150	0.00034475397830950
5.6200000000000	0.00082904829407746	0.00035140800551973
5.6300000000000	0.00082782524103293	0.00035807244762285
5.6400000000000	0.00082655709863688	0.00036474696272703
5.6500000000000	0.00082524343893561	0.00037143120737639
5.6600000000000	0.00082388384184955	0.00037812483639228
5.6700000000000	0.00082247789472036	0.00038482750271368
5.6800000000000	0.00082102519189535	0.00039153885723774
5.6900000000000	0.00081952533434682	0.00039825854866088
5.7000000000000	0.00081797792932380	0.00040498622332112
5.7100000000000	0.00081638259003401	0.00041172152504208
5.7200000000000	0.00081473893535396	0.00041846409497899
5.7300000000000	0.00081304658956538	0.00042521357146724
5.7400000000000	0.00081130518211622	0.00043196958987345
5.7500000000000	0.00080951434740454	0.00043873178244958
5.7600000000000	0.00080767372458386	0.00044549977819024
5.7700000000000	0.00080578295738861	0.00045227320269316
5.7800000000000	0.00080384169397840	0.00045905167802328
5.7900000000000	0.00080184958679975	0.00046583482258032
5.8000000000000	0.00079980629246456	0.00047262225097006
5.8100000000000	0.00079771147164383	0.00047941357387932
5.8200000000000	0.00079556478897614	0.00048620839795483
5.8300000000000	0.00079336591298963	0.00049300632568593
5.8400000000000	0.00079111451603689	0.00049980695529112
5.8500000000000	0.00078881027424195	0.00050660988060851
5.8600000000000	0.00078645286745864	0.00051341469099041
5.8700000000000	0.00078404197923959	0.00052022097120154
5.8800000000000	0.00078157729681541	0.00052702830132154
5.8900000000000	0.00077905851108336	0.00053383625665115
5.9000000000000	0.00077648531660499	0.00054064440762255
5.9100000000000	0.00077385741161226	0.00054745231971355
5.9200000000000	0.00077117449802164	0.00055425955336571
5.9300000000000	0.00076843628145586	0.00056106566390651
5.9400000000000	0.00076564247127271	0.00056787020147527
5.9500000000000	0.00076279278060061	0.00057467271095314
5.9600000000000	0.00075988692638066	0.00058147273189690
5.9700000000000	0.00075692462941464	0.00058826979847665
5.9800000000000	0.00075390561441878	0.00059506343941743
5.9900000000000	0.00075082961008295	0.00060185317794467
6.0000000000000	0.00074769634913497	0.00060863853173343
6.0100000000000	0.00074450556840977	0.00061541901286165
6.0200000000000	0.00074125700892319	0.00062219412776702
6.0300000000000	0.00073795041595006	0.00062896337720785
6.0400000000000	0.00073458553910648	0.00063572625622762
6.0500000000000	0.00073116213243590	0.00064248225412346
6.0600000000000	0.00072767995449902	0.00064923085441827
6.0700000000000	0.00072413876846703	0.00065597153483686
6.0800000000000	0.00072053834221827	0.00066270376728559
6.0900000000000	0.00071687844843787	0.00066942701783607
6.1000000000000	0.00071315886472047	0.00067614074671243
6.1100000000000	0.00070937937367554	0.00068284440828249
6.1200000000000	0.00070553976303545	0.00068953745105270
6.1300000000000	0.00070163982576584	0.00069621931766672
6.1400000000000	0.00069767936017840	0.00070288944490797
6.1500000000000	0.00069365817004570	0.00070954726370581
6.1600000000000	0.00068957606471806	0.00071619219914558
6.1700000000000	0.00068543285924227	0.00072282367048228
6.1800000000000	0.00068122837448205	0.00072944109115827
6.1900000000000	0.00067696243724003	0.00073604386882446
6.2000000000000	0.00067263488038132	0.00074263140536551
6.2100000000000	0.00066824554295828	0.00074920309692869
6.2200000000000	0.00066379427033662	0.00075575833395659
6.2300000000000	0.00065928091432251	0.00076229650122355
6.2400000000000	0.00065470533329071	0.00076881697787592
6.2500000000000	0.00065006739231353	0.00077531913747617
6.2600000000000	0.00064536696329059	0.00078180234805069
6.2700000000000	0.00064060392507914	0.00078826597214144
6.2800000000000	0.00063577816362492	0.00079470936686138
6.2900000000000	0.00063088957209346	0.00080113188395377
6.3000000000000	0.00062593805100165	0.00080753286985515
6.3100000000000	0.00062092350834947	0.00081391166576222
6.3200000000000	0.00061584585975187	0.00082026760770246
6.3300000000000	0.00061070502857054	0.00082660002660861
6.3400000000000	0.00060550094604561	0.00083290824839685
6.3500000000000	0.00060023355142710	0.00083919159404886
6.3600000000000	0.00059490279210596	0.00084544937969762
6.3700000000000	0.00058950862374475	0.00085168091671705
6.3800000000000	0.00058405101040771	0.00085788551181530
6.3900000000000	0.00057852992469013	0.00086406246713194
6.4000000000000	0.00057294534784706	0.00087021108033888
6.4100000000000	0.00056729726992104	0.00087633064474493
6.4200000000000	0.00056158568986893	0.00088242044940426
6.4300000000000	0.00055581061568759	0.00088847977922845
6.4400000000000	0.00054997206453844	0.00089450791510229
6.4500000000000	0.00054407006287068	0.00090050413400330
6.4600000000000	0.00053810464654319	0.00090646770912487
6.4700000000000	0.00053207586094480	0.00091239791000307
6.4800000000000	0.00052598376111315	0.00091829400264708
6.4900000000000	0.00051982841185163	0.00092415524967322
6.5000000000000	0.00051360988784471	0.00092998091044260
6.5100000000000	0.00050732827377123	0.00093577024120218
6.5200000000000	0.00050098366441573	0.00094152249522956
6.5300000000000	0.00049457616477767	0.00094723692298100
6.5400000000000	0.00048810589017838	0.00095291277224313
6.5500000000000	0.00048157296636577	0.00095854928828784
6.5600000000000	0.00047497752961656	0.00096414571403076
6.5700000000000	0.00046831972683598	0.00096970129019286
6.5800000000000	0.00046159971565490	0.00097521525546544
6.5900000000000	0.00045481766452418	0.00098068684667837
6.6000000000000	0.00044797375280624	0.00098611529897143
6.6100000000000	0.00044106817086369	0.00099149984596886
6.6200000000000	0.00043410112014490	0.00099683971995687
6.6300000000000	0.00042707281326653	0.0010021341520643
6.6400000000000	0.00041998347409278	0.0010073823724463
6.6500000000000	0.00041283333781137	0.0010125836104703
6.6600000000000	0.00040562265100605	0.0010177370949059
6.6700000000000	0.00039835167172573	0.0010228420541164
6.6800000000000	0.00039102066954988	0.0010278977162539
6.6900000000000	0.00038362992565034	0.0010329033094561
6.7000000000000	0.00037617973284935	0.0010378580620466
6.7100000000000	0.00036867039567364	0.0010427612027371
6.7200000000000	0.00036110223040472	0.0010476119608317
6.7300000000000	0.00035347556512498	0.0010524095664343
6.7400000000000	0.00034579073975977	0.0010571532506575
6.7500000000000	0.00033804810611528	0.0010618422458339
6.7600000000000	0.00033024802791208	0.0010664757857292
6.7700000000000	0.00032239088081440	0.0010710531057574
6.7800000000000	0.00031447705245490	0.0010755734431980
6.7900000000000	0.00030650694245498	0.0010800360374142
6.8000000000000	0.00029848096244052	0.0010844401300737
6.8100000000000	0.00029039953605295	0.0010887849653700
6.8200000000000	0.00028226309895562	0.0010930697902458
6.8300000000000	0.00027407209883547	0.0010972938546174
6.8400000000000	0.00026582699539974	0.0011014564116002
6.8500000000000	0.00025752826036792	0.0011055567177354
6.8600000000000	0.00024917637745868	0.0011095940332176
6.8700000000000	0.00024077184237185	0.0011135676221229
6.8800000000000	0.00023231516276533	0.0011174767526383
6.8900000000000	0.00022380685822690	0.0011213206972910
6.9000000000000	0.00021524746024101	0.0011250987331784
6.9100000000000	0.00020663751215021	0.0011288101421986
6.9200000000000	0.00019797756911160	0.0011324542112807
6.9300000000000	0.00018926819804784	0.0011360302326150
6.9400000000000	0.00018050997759308	0.0011395375038842
6.9500000000000	0.00017170349803349	0.0011429753284924
6.9600000000000	0.00016284936124251	0.0011463430157959
6.9700000000000	0.00015394818061084	0.0011496398813317
6.9800000000000	0.00014500058097098	0.0011528652470462
6.9900000000000	0.00013600719851659	0.0011560184415232
7.0000000000000	0.00012696868071633	0.0011590988002104
7.0100000000000	0.00011788568622252	0.0011621056656453
7.0200000000000	0.00010875888477436	0.0011650383876794
7.0300000000000	9.9588957095813e-05	0.0011678963237017
7.0400000000000	9.0376594788278e-05	0.0011706788388598
7.0500000000000	8.1122500217832e-05	0.0011733853062800
7.0600000000000	7.1827386397288e-05	0.0011760151072853
7.0700000000000	6.2491976862957e-05	0.0011785676316116
7.0800000000000	5.3117005546207e-05	0.0011810422776215
7.0900000000000	4.3703216639835e-05	0.0011834384525159
7.1000000000000	3.4251364459287e-05	0.0011857555725437
7.1100000000000	2.4762213298796e-05	0.0011879930632082
7.1200000000000	1.5236537282447e-05	0.0011901503594714
7.1300000000000	5.6751202102526e-06	0.0011922269059549
7.1400000000000	-3.9212446006983e-06	0.0011942221571385
7.1500000000000	-1.3551754479987e-05	0.0011961355775550
7.1600000000000	-2.3215597572418e-05	0.0011979666419823
7.1700000000000	-3.2911953011301e-05	0.0011997148356316
7.1800000000000	-4.2639991096403e-05	0.0012013796543326
7.1900000000000	-5.2398873476483e-05	0.0012029606047147
7.2000000000000	-6.2187753336317e-05	0.0012044572043840
7.2100000000000	-7.2005775588145e-05	0.0012058689820974
7.2200000000000	-8.1852077067417e-05	0.0012071954779316
7.2300000000000	-9.1725786732761e-05	0.0012084362434487
7.2400000000000	-0.00010162602587007	0.0012095908418568
7.2500000000000	-0.00011155190830061	0.0012106588481667
7.2600000000000	-0.00012150254059300	0.0012116398493436
7.2700000000000	-0.00013147702227897	0.0012125334444547
7.2800000000000	-0.00014147444607285	0.0012133392448115
7.2900000000000	-0.00015149389809457	0.0012140568741072
7.3000000000000	-0.00016153445809600	0.0012146859685499
7.3100000000000	-0.00017159519969076	0.0012152261769893
7.3200000000000	-0.00018167519058700	0.0012156771610395
7.3300000000000	-0.00019177349282337	0.0012160385951961
7.3400000000000	-0.00020188916300773	0.0012163101669476
7.3500000000000	-0.00021202125255874	0.0012164915768815
7.3600000000000	-0.00022216880794995	0.0012165825387850
7.3700000000000	-0.00023233087095638	0.0012165827797404
7.3800000000000	-0.00024250647890346	0.0012164920402137
7.3900000000000	-0.00025269466491798	0.0012163100741386
7.4000000000000	-0.00026289445818118	0.0012160366489940
7.4100000000000	-0.00027310488418361	0.0012156715458760
7.4200000000000	-0.00028332496498171	0.0012152145595636
7.4300000000000	-0.00029355371945582	0.0012146654985785
7.4400000000000	-0.00030379016356965	0.0012140241852393
7.4500000000000	-0.00031403331063092	0.0012132904557086
7.4600000000000	-0.00032428217155296	0.0012124641600354
7.4700000000000	-0.00033453575511728	0.0012115451621899
7.4800000000000	-0.00034479306823670	0.0012105333400933
7.4900000000000	-0.00035505311621915	0.0012094285856405
7.5000000000000	-0.00036531490303171	0.0012082308047176
7.5100000000000	-0.00037557743156489	0.0012069399172119
7.5200000000000	-0.00038583970389689	0.0012055558570171
7.5300000000000	-0.00039610072155777	0.0012040785720311
7.5400000000000	-0.00040635948579323	0.0012025080241480
7.5500000000000	-0.00041661499782789	0.0012008441892445
7.5600000000000	-0.00042686625912799	0.0011990870571591
7.5700000000000	-0.00043711227166314	0.0011972366316660
7.5800000000000	-0.00044735203816717	0.0011952929304420
7.5900000000000	-0.00045758456239774	0.0011932559850284
7.6000000000000	-0.00046780884939467	0.0011911258407860
7.6100000000000	-0.00047802390573672	0.0011889025568441
7.6200000000000	-0.00048822873979673	0.0011865862060444
7.6300000000000	-0.00049842236199498	0.0011841768748776
7.6400000000000	-0.00050860378505045	0.0011816746634154
7.6500000000000	-0.00051877202423009	0.0011790796852363
7.6600000000000	-0.00052892609759565	0.0011763920673452
7.6700000000000	-0.00053906502624816	0.0011736119500879
7.6800000000000	-0.00054918783456976	0.0011707394870599
7.6900000000000	-0.00055929355046282	0.0011677748450099
7.7000000000000	-0.00056938120558608	0.0011647182037372
7.7100000000000	-0.00057944983558789	0.0011615697559846
7.7200000000000	-0.00058949848033613	0.0011583297073255
7.7300000000000	-0.00059952618414492	0.0011549982760463
7.7400000000000	-0.00060953199599785	0.0011515756930236
7.7500000000000	-0.00061951496976761	0.0011480622015962
7.7600000000000	-0.00062947416443200	0.0011444580574329
7.7700000000000	-0.00063940864428600	0.0011407635283950
7.7800000000000	-0.00064931747915001	0.0011369788943947
7.7900000000000	-0.00065919974457399	0.0011331044472487
7.8000000000000	-0.00066905452203742	0.0011291404905279
7.8100000000000	-0.00067888089914500	0.0011250873394021
7.8200000000000	-0.00068867796981805	0.0011209453204817
7.8300000000000	-0.00069844483448129	0.0011167147716546
7.8400000000000	-0.00070818060024523	0.0011123960419198
7.8500000000000	-0.00071788438108375	0.0011079894912168
7.8600000000000	-0.00072755529800707	0.0011034954902521
7.8700000000000	-0.00073719247922986	0.0010989144203221
7.8800000000000	-0.00074679506033441	0.0010942466731322
7.8900000000000	-0.00075636218442895	0.0010894926506137
7.9000000000000	-0.00076589300230081	0.0010846527647373
7.9100000000000	-0.00077538667256462	0.0010797274373235
7.9200000000000	-0.00078484236180528	0.0010747170998509
7.9300000000000	-0.00079425924471578	0.0010696221932619
7.9400000000000	-0.00080363650422977	0.0010644431677653
7.9500000000000	-0.00081297333164880	0.0010591804826380
7.9600000000000	-0.00082226892676436	0.0010538346060235
7.9700000000000	-0.00083152249797438	0.0010484060147289
7.9800000000000	-0.00084073326239457	0.0010428951940207
7.9900000000000	-0.00084990044596416	0.0010373026374177
8.0000000000000	-0.00085902328354633	0.0010316288464841
8.0100000000000	-0.00086810101902320	0.0010258743306198
8.0200000000000	-0.00087713290538531	0.0010200396068506
8.0300000000000	-0.00088611820481571	0.0010141251996170
8.0400000000000	-0.00089505618876860	0.0010081316405623
8.0500000000000	-0.00090394613804249	0.0010020594683195
8.0600000000000	-0.00091278734284792	0.00099590922829887
8.0700000000000	-0.00092157910286986	0.00098968147247368
8.0800000000000	-0.00093032072732455	0.00098337675916678
8.0900000000000	-0.00093901153501109	0.00097699565283660
8.1000000000000	-0.00094765085435757	0.00097053872386328
8.1100000000000	-0.00095623802346199	0.00096400654833505
8.1200000000000	-0.00096477239012779	0.00095739970783492
8.1300000000000	-0.00097325331189414	0.00095071878922782
8.1400000000000	-0.00098168015606109	0.00094396438444837
8.1500000000000	-0.00099005229970949	0.00093713709028942
8.1600000000000	-0.00099836912971578	0.00093023750819145
8.1700000000000	-0.0010066300427618	0.00092326624403293
8.1800000000000	-0.0010148344453394	0.00091622390792192
8.1900000000000	-0.0010229817537506	0.00090911111398884
8.2000000000000	-0.0010310713941019	0.00090192848018067
8.2100000000000	-0.0010391028022951	0.00089467662805662
8.2200000000000	-0.0010470754240120	0.00088735618258548
8.2300000000000	-0.0010549887146954	0.00087996777194465
8.2400000000000	-0.0010628421395254	0.00087251202732104
8.2500000000000	-0.0010706351733902	0.00086498958271393
8.2600000000000	-0.0010783673008540	0.00085740107473986
8.2700000000000	-0.0010860380161193	0.00084974714243977
8.2800000000000	-0.0010936468229852	0.00084202842708827
8.2900000000000	-0.0011011932348021	0.00083424557200542
8.3000000000000	-0.0011086767744215	0.00082639922237083
8.3100000000000	-0.0011160969741423	0.00081849002504038
8.3200000000000	-0.0011234533756530	0.00081051862836560
8.3300000000000	-0.0011307455299699	0.00080248568201563
8.3400000000000	-0.0011379729973719	0.00079439183680215
8.3500000000000	-0.0011451353473314	0.00078623774450702
8.3600000000000	-0.0011522321584421	0.00077802405771301
8.3700000000000	-0.0011592630183424	0.00076975142963739
8.3800000000000	-0.0011662275236368	0.00076142051396876
8.3900000000000	-0.0011731252798129	0.00075303196470690
8.4000000000000	-0.0011799559011557	0.00074458643600589
8.4100000000000	-0.0011867190106592	0.00073608458202050
8.4200000000000	-0.0011934142399347	0.00072752705675583
8.4300000000000	-0.0012000412291159	0.00071891451392040
8.4400000000000	-0.0012065996267623	0.00071024760678259
8.4500000000000	-0.0012130890897593	0.00070152698803058
8.4600000000000	-0.0012195092832155	0.00069275330963576
8.4700000000000	-0.0012258598803586	0.00068392722271967
8.4800000000000	-0.0012321405624279	0.00067504937742458
8.4900000000000	-0.0012383510185655	0.00066612042278756
8.5000000000000	-0.0012444909457049	0.00065714100661826
8.5100000000000	-0.0012505600484577	0.00064811177538033
8.5200000000000	-0.0012565580389985	0.00063903337407651
8.5300000000000	-0.0012624846369484	0.00062990644613736
8.5400000000000	-0.0012683395692559	0.00062073163331385
8.5500000000000	-0.0012741225700772	0.00061150957557350
8.5600000000000	-0.0012798333806545	0.00060224091100036
8.5700000000000	-0.0012854717491931	0.00059292627569872
8.5800000000000	-0.0012910374307374	0.00058356630370055
8.5900000000000	-0.0012965301870453	0.00057416162687669
8.6000000000000	-0.0013019497864623	0.00056471287485179
8.6100000000000	-0.0013072960037936	0.00055522067492303
8.6200000000000	-0.0013125686201766	0.00054568565198253
8.6300000000000	-0.0013177674229514	0.00053610842844355
8.6400000000000	-0.0013228922055315	0.00052648962417034
8.6500000000000	-0.0013279427672737	0.00051682985641178
8.6600000000000	-0.0013329189133474	0.00050712973973868
8.6700000000000	-0.0013378204546035	0.00049738988598476
8.6800000000000	-0.0013426472074433	0.00048761090419129
8.6900000000000	-0.0013473989936868	0.00047779340055538
8.7000000000000	-0.0013520756404413	0.00046793797838190
8.7100000000000	-0.0013566769799695	0.00045804523803895
8.7200000000000	-0.0013612028495583	0.00044811577691692
8.7300000000000	-0.0013656530913868	0.00043815018939115
8.7400000000000	-0.0013700275523956	0.00042814906678797
8.7500000000000	-0.0013743260841557	0.00041811299735431
8.7600000000000	-0.0013785485427378	0.00040804256623073
8.7700000000000	-0.0013826947885825	0.00039793835542787
8.7800000000000	-0.0013867646863704	0.00038780094380624
8.7900000000000	-0.0013907581048937	0.00037763090705934
8.8000000000000	-0.0013946749169271	0.00036742881770014
8.8100000000000	-0.0013985149991014	0.00035719524505074
8.8200000000000	-0.0014022782317756	0.00034693075523527
8.8300000000000	-0.0014059644989123	0.00033663591117595
8.8400000000000	-0.0014095736879516	0.00032631127259234
8.8500000000000	-0.0014131056896885	0.00031595739600355
8.8600000000000	-0.0014165603981492	0.00030557483473359
8.8700000000000	-0.0014199377104698	0.00029516413891965
8.8800000000000	-0.0014232375267762	0.00028472585552336
8.8900000000000	-0.0014264597500643	0.00027426052834492
8.9000000000000	-0.0014296042860827	0.00026376869804005
8.9100000000000	-0.0014326710432159	0.00025325090213981
8.9200000000000	-0.0014356599323692	0.00024270767507304
8.9300000000000	-0.0014385708668554	0.00023213954819163
8.9400000000000	-0.0014414037622824	0.00022154704979832
8.9500000000000	-0.0014441585364426	0.00021093070517714
8.9600000000000	-0.0014468351092043	0.00020029103662639
8.9700000000000	-0.0014494334024042	0.00018962856349405
8.9800000000000	-0.0014519533397419	0.00017894380221569
8.9900000000000	-0.0014543948466759	0.00016823726635469
9.0000000000000	-0.0014567578503219	0.00015750946664483
9.0100000000000	-0.0014590422793520	0.00014676091103508
9.0200000000000	-0.0014612480638967	0.00013599210473672
9.0300000000000	-0.0014633751354484	0.00012520355027244
9.0400000000000	-0.0014654234267665	0.00011439574752774
9.0500000000000	-0.0014673928717848	0.00010356919380422
9.0600000000000	-0.0014692834055212	9.2724383874915e-05
9.0700000000000	-0.0014710949639883	8.1861810041621e-05
9.0800000000000	-0.0014728274841076	7.0981962194005e-05
9.0900000000000	-0.0014744809036244	6.0085327870610e-05
9.1000000000000	-0.0014760551610252	4.9172392321605e-05
9.1100000000000	-0.0014775501954579	3.8243638573270e-05
9.1200000000000	-0.0014789659466529	2.7299547494101e-05
9.1300000000000	-0.0014803023548475	1.6340597862590e-05
9.1400000000000	-0.0014815593607118	5.3672664364793e-06
9.1500000000000	-0.0014827369052766	-5.6199719764144e-06
9.1600000000000	-0.0014838349298648	-1.6620644445985e-05
9.1700000000000	-0.0014848533760230	-2.7634279846203e-05
9.1800000000000	-0.0014857921854574	-3.8660408780153e-05
9.1900000000000	-0.0014866512999704	-4.9698563503793e-05
9.2000000000000	-0.0014874306614003	-6.0748277848466e-05
9.2100000000000	-0.0014881302115628	-7.1809087142271e-05
9.2200000000000	-0.0014887498921956	-8.2880528130254e-05
9.2300000000000	-0.0014892896449041	-9.3962138893588e-05
9.2400000000000	-0.0014897494111104	-0.00010505345876768
9.2500000000000	-0.0014901291320041	-0.00011615402825935
9.2600000000000	-0.0014904287484956	-0.00012726338896306
9.2700000000000	-0.0014906482011720	-0.00013838108347628
9.2800000000000	-0.0014907874302544	-0.00014950665531410
9.2900000000000	-0.0014908463755588	-0.00016063964882293
9.3000000000000	-0.0014908249764583	-0.00017177960909367
9.3100000000000	-0.0014907231718483	-0.00018292608187405
9.3200000000000	-0.0014905409001135	-0.00019407861348046
9.3300000000000	-0.0014902780990981	-0.00020523675070914
9.3400000000000	-0.0014899347060769	-0.00021640004074689
9.3500000000000	-0.0014895106577305	-0.00022756803108129
9.3600000000000	-0.0014890058901213	-0.00023874026941046
9.3700000000000	-0.0014884203386728	-0.00024991630355255
9.3800000000000	-0.0014877539381509	-0.00026109568135470
9.3900000000000	-0.0014870066226474	-0.00027227795060195
9.4000000000000	-0.0014861783255664	-0.00028346265892566
9.4100000000000	-0.0014852689796118	-0.00029464935371197
9.4200000000000	-0.0014842785167787	-0.00030583758200990
9.4300000000000	-0.0014832068683459	-0.00031702689043946
9.4400000000000	-0.0014820539648711	-0.00032821682509966
9.4500000000000	-0.0014808197361885	-0.00033940693147650
9.4600000000000	-0.0014795041114087	-0.00035059675435098
9.4700000000000	-0.0014781070189204	-0.00036178583770713
9.4800000000000	-0.0014766283863950	-0.00037297372464021
9.4900000000000	-0.0014750681407931	-0.00038415995726503
9.5000000000000	-0.0014734262083733	-0.00039534407662442
9.5100000000000	-0.0014717025147029	-0.00040652562259795
9.5200000000000	-0.0014698969846720	-0.00041770413381094
9.5300000000000	-0.0014680095425080	-0.00042887914754373
9.5400000000000	-0.0014660401117938	-0.00044005019964131
9.5500000000000	-0.0014639886154875	-0.00045121682442336
9.5600000000000	-0.0014618549759445	-0.00046237855459466
9.5700000000000	-0.0014596391149412	-0.00047353492115597
9.5800000000000	-0.0014573409537021	-0.00048468545331548
9.5900000000000	-0.0014549604129273	-0.00049582967840063
9.6000000000000	-0.0014524974128237	-0.00050696712177070
9.6100000000000	-0.0014499518731373	-0.00051809730672980
9.6200000000000	-0.0014473237131879	-0.00052921975444071
9.6300000000000	-0.0014446128519058	-0.00054033398383916
9.6400000000000	-0.0014418192078705	-0.00055143951154905
9.6500000000000	-0.0014389426993520	-0.00056253585179823
9.6600000000000	-0.0014359832443527	-0.00057362251633518
9.6700000000000	-0.0014329407606532	-0.00058469901434643
9.6800000000000	-0.0014298151658580	-0.00059576485237482
9.6900000000000	-0.0014266063774451	-0.00060681953423873
9.7000000000000	-0.0014233143128161	-0.00061786256095205
9.7100000000000	-0.0014199388893488	-0.00062889343064528
9.7200000000000	-0.0014164800244519	-0.00063991163848743
9.7300000000000	-0.0014129376356208	-0.00065091667660904
9.7400000000000	-0.0014093116404961	-0.00066190803402614
9.7500000000000	-0.0014056019569235	-0.00067288519656538
9.7600000000000	-0.0014018085030154	-0.00068384764679012
9.7700000000000	-0.0013979311972146	-0.00069479486392772
9.7800000000000	-0.0013939699583595	-0.00070572632379800
9.7900000000000	-0.0013899247057509	-0.00071664149874275
9.8000000000000	-0.0013857953592215	-0.00072753985755663
9.8100000000000	-0.0013815818392052	-0.00073842086541910
9.8200000000000	-0.0013772840668104	-0.00074928398382775
9.8300000000000	-0.0013729019638927	-0.00076012867053286
9.8400000000000	-0.0013684354531310	-0.00077095437947324
9.8500000000000	-0.0013638844581038	-0.00078176056071350
9.8600000000000	-0.0013592489033684	-0.00079254666038252
9.8700000000000	-0.0013545287145406	-0.00080331212061347
9.8800000000000	-0.0013497238183761	-0.00081405637948510
9.8900000000000	-0.0013448341428539	-0.00082477887096459
9.9000000000000	-0.0013398596172607	-0.00083547902485169
9.9100000000000	-0.0013348001722769	-0.00084615626672450
9.9200000000000	-0.0013296557400640	-0.00085681001788663
9.9300000000000	-0.0013244262543534	-0.00086743969531594
9.9400000000000	-0.0013191116505365	-0.00087804471161479
9.9500000000000	-0.0013137118657562	-0.00088862447496183
9.9600000000000	-0.0013082268389996	-0.00089917838906546
9.9700000000000	-0.0013026565111922	-0.00090970585311876
9.9800000000000	-0.0012970008252933	-0.00092020626175613
9.9900000000000	-0.0012912597263922	-0.00093067900501155
10.000000000000	-0.0012854331618063	-0.00094112346827843
10.010000000000	-0.0012795210811797	-0.00095153903227126
10.020000000000	-0.0012735234365836	-0.00096192507298879
10.030000000000	-0.0012674401826172	-0.00097228096167906
10.040000000000	-0.0012612712765098	-0.00098260606480600
10.050000000000	-0.0012550166782245	-0.00099289974401796
10.060000000000	-0.0012486763505622	-0.0010031613561178
10.070000000000	-0.0012422502592671	-0.0010133902530347
10.080000000000	-0.0012357383731329	-0.0010235857817982
10.090000000000	-0.0012291406641098	-0.0010337472845133
10.100000000000	-0.0012224571074132	-0.0010438740983382
10.110000000000	-0.0012156876816320	-0.0010539655554629
10.120000000000	-0.0012088323688389	-0.0010640209830904
10.130000000000	-0.0012018911547011	-0.0010740397034195
10.140000000000	-0.0011948640285915	-0.0010840210336295
10.150000000000	-0.0011877509837009	-0.0010939642858664
10.160000000000	-0.0011805520171514	-0.0011038687672313
10.170000000000	-0.0011732671301095	-0.0011137337797708
10.180000000000	-0.0011658963279009	-0.0011235586204687
10.190000000000	-0.0011584396201248	-0.0011333425812404
10.200000000000	-0.0011508970207705	-0.0011430849489285
10.210000000000	-0.0011432685483325	-0.0011527850053005
10.220000000000	-0.0011355542259280	-0.0011624420270487
10.230000000000	-0.0011277540814137	-0.0011720552857915
10.240000000000	-0.0011198681475036	-0.0011816240480768
10.250000000000	-0.0011118964618875	-0.0011911475753877
10.260000000000	-0.0011038390673494	-0.0012006251241498
10.270000000000	-0.0010956960118864	-0.0012100559457399
10.280000000000	-0.0010874673488286	-0.0012194392864976
10.290000000000	-0.0010791531369586	-0.0012287743877384
10.300000000000	-0.0010707534406315	-0.0012380604857682
10.310000000000	-0.0010622683298956	-0.0012472968119007
10.320000000000	-0.0010536978806132	-0.0012564825924758
10.330000000000	-0.0010450421745811	-0.0012656170488807
10.340000000000	-0.0010363012996521	-0.0012746993975721
10.350000000000	-0.0010274753498564	-0.0012837288501012
10.360000000000	-0.0010185644255230	-0.0012927046131398
10.370000000000	-0.0010095686334014	-0.0013016258885089
10.380000000000	-0.0010004880867834	-0.0013104918732087
10.390000000000	-0.00099132290562518	-0.0013193017594511
10.400000000000	-0.00098207321666903	-0.0013280547346934
10.410000000000	-0.00097273915356555	-0.0013367499816744
10.420000000000	-0.00096332085699563	-0.0013453866784522
10.430000000000	-0.00095381847479254	-0.0013539639984439
10.440000000000	-0.00094423216206400	-0.0013624811104669
10.450000000000	-0.00093456208131419	-0.0013709371787828
10.460000000000	-0.00092480840256568	-0.0013793313631419
10.470000000000	-0.00091497130348139	-0.0013876628188310
10.480000000000	-0.00090505096948634	-0.0013959306967219
10.490000000000	-0.00089504759388939	-0.0014041341433221
10.500000000000	-0.00088496137800474	-0.0014122723008276
10.510000000000	-0.00087479253127344	-0.0014203443071771
10.520000000000	-0.00086454127138460	-0.0014283492961079
10.530000000000	-0.00085420782439654	-0.0014362863972143
10.540000000000	-0.00084379242485766	-0.0014441547360067
10.550000000000	-0.00083329531592719	-0.0014519534339738
10.560000000000	-0.00082271674949570	-0.0014596816086449
10.570000000000	-0.00081205698630541	-0.0014673383736555
10.580000000000	-0.00080131629607022	-0.0014749228388136
10.590000000000	-0.00079049495759555	-0.0014824341101684
10.600000000000	-0.00077959325889796	-0.0014898712900801
10.610000000000	-0.00076861149732444	-0.0014972334772916
10.620000000000	-0.00075754997967149	-0.0015045197670026
10.630000000000	-0.00074640902230396	-0.0015117292509438
10.640000000000	-0.00073518895127358	-0.0015188610174544
10.650000000000	-0.00072389010243722	-0.0015259141515606
10.660000000000	-0.00071251282157495	-0.0015328877350551
10.670000000000	-0.00070105746450771	-0.0015397808465795
10.680000000000	-0.00068952439721484	-0.0015465925617075
10.690000000000	-0.00067791399595125	-0.0015533219530296
10.700000000000	-0.00066622664736438	-0.0015599680902402
10.710000000000	-0.00065446274861083	-0.0015665300402255
10.720000000000	-0.00064262270747285	-0.0015730068671534
10.730000000000	-0.00063070694247444	-0.0015793976325653
10.740000000000	-0.00061871588299733	-0.0015857013954685
10.750000000000	-0.00060664996939666	-0.0015919172124312
10.760000000000	-0.00059450965311644	-0.0015980441376787
10.770000000000	-0.00058229539680483	-0.0016040812231913
10.780000000000	-0.00057000767442917	-0.0016100275188032
10.790000000000	-0.00055764697139088	-0.0016158820723041
10.800000000000	-0.00054521378464013	-0.0016216439295413
10.810000000000	-0.00053270862279037	-0.0016273121345240
10.820000000000	-0.00052013200623274	-0.0016328857295291
10.830000000000	-0.00050748446725030	-0.0016383637552086
10.840000000000	-0.00049476655013223	-0.0016437452506982
10.850000000000	-0.00048197881128784	-0.0016490292537283
10.860000000000	-0.00046912181936057	-0.0016542148007361
10.870000000000	-0.00045619615534193	-0.0016593009269793
10.880000000000	-0.00044320241268545	-0.0016642866666518
10.890000000000	-0.00043014119742048	-0.0016691710530008
10.900000000000	-0.00041701312826622	-0.0016739531184457
10.910000000000	-0.00040381883674555	-0.0016786318946987
10.920000000000	-0.00039055896729914	-0.0016832064128872
10.930000000000	-0.00037723417739951	-0.0016876757036777
10.940000000000	-0.00036384513766521	-0.0016920387974020
10.950000000000	-0.00035039253197520	-0.0016962947241849
10.960000000000	-0.00033687705758330	-0.0017004425140734
10.970000000000	-0.00032329942523298	-0.0017044811971685
10.980000000000	-0.00030966035927211	-0.0017084098037586
10.990000000000	-0.00029596059776824	-0.0017122273644548
11.000000000000	-0.00028220089262391	-0.0017159329103281
11.010000000000	-0.00026838200969235	-0.0017195254730492
11.020000000000	-0.00025450472889351	-0.0017230040850296
11.030000000000	-0.00024056984433036	-0.0017263677795660
11.040000000000	-0.00022657816440564	-0.0017296155909852
11.050000000000	-0.00021253051193890	-0.0017327465547935
11.060000000000	-0.00019842772428400	-0.0017357597078261
11.070000000000	-0.00018427065344708	-0.0017386540884011
11.080000000000	-0.00017006016620487	-0.0017414287364741
11.090000000000	-0.00015579714422361	-0.0017440826937966
11.100000000000	-0.00014148248417833	-0.0017466150040764
11.110000000000	-0.00012711709787275	-0.0017490247131414
11.120000000000	-0.00011270191235959	-0.0017513108691048
11.130000000000	-9.8237870061519e-05	-0.0017534725225349
11.140000000000	-8.3725928892587e-05	-0.0017555087266268
11.150000000000	-6.9167062380243e-05	-0.0017574185373770
11.160000000000	-5.4562259787880e-05	-0.0017592010137621
11.170000000000	-3.9912526238004e-05	-0.0017608552179201
11.180000000000	-2.5218882835926e-05	-0.0017623802153349
11.190000000000	-1.0482366794020e-05	-0.0017637750750250
11.200000000000	4.2959684434051e-06	-0.0017650388697351
11.210000000000	1.9115053074751e-05	-0.0017661706761316
11.220000000000	3.3973800815159e-05	-0.0017671695750026
11.230000000000	4.8871108770082e-05	-0.0017680346514604
11.240000000000	6.3805857308280e-05	-0.0017687649951500
11.250000000000	7.8776909934380e-05	-0.0017693597004600
11.260000000000	9.3783113160976e-05	-0.0017698178667390
11.270000000000	0.00010882329638026	-0.0017701385985162
11.280000000000	0.00012389627173534	-0.0017703210057269
11.290000000000	0.00013900083399114	-0.0017703642039420
11.300000000000	0.00015413576040510	-0.0017702673146034
11.310000000000	0.00016929981059753	-0.0017700294652642
11.320000000000	0.00018449172642189	-0.0017696497898339
11.330000000000	0.00019971023183492	-0.0017691274288292
11.340000000000	0.00021495403276671	-0.0017684615296308
11.350000000000	0.00023022181699087	-0.0017676512467452
11.360000000000	0.00024551225399483	-0.0017666957420733
11.370000000000	0.00026082399485035	-0.0017655941851844
11.380000000000	0.00027615567208438	-0.0017643457535970
11.390000000000	0.00029150589955039	-0.0017629496330658
11.400000000000	0.00030687327230028	-0.0017614050178756
11.410000000000	0.00032225636645694	-0.0017597111111419
11.420000000000	0.00033765373908774	-0.0017578671251183
11.430000000000	0.00035306392807892	-0.0017558722815121
11.440000000000	0.00036848545201125	-0.0017537258118058
11.450000000000	0.00038391681003689	-0.0017514269575878
11.460000000000	0.00039935648175783	-0.0017489749708897
11.470000000000	0.00041480292710601	-0.0017463691145322
11.480000000000	0.00043025458622530	-0.0017436086624791
11.490000000000	0.00044570987935565	-0.0017406929001999
11.500000000000	0.00046116720671949	-0.0017376211250401
11.510000000000	0.00047662494841077	-0.0017343926466016
11.520000000000	0.00049208146428679	-0.0017310067871310
11.530000000000	0.00050753509386309	-0.0017274628819176
11.540000000000	0.00052298415621171	-0.0017237602797003
11.550000000000	0.00053842694986310	-0.0017198983430847
11.560000000000	0.00055386175271192	-0.0017158764489691
11.570000000000	0.00056928682192720	-0.0017116939889811
11.580000000000	0.00058470039386692	-0.0017073503699235
11.590000000000	0.00060010068399768	-0.0017028450142314
11.600000000000	0.00061548588681954	-0.0016981773604385
11.610000000000	0.00063085417579655	-0.0016933468636549
11.620000000000	0.00064620370329334	-0.0016883529960551
11.630000000000	0.00066153260051809	-0.0016831952473770
11.640000000000	0.00067683897747240	-0.0016778731254316
11.650000000000	0.00069212092290842	-0.0016723861566241
11.660000000000	0.00070737650429375	-0.0016667338864861
11.670000000000	0.00072260376778445	-0.0016609158802187
11.680000000000	0.00073780073820680	-0.0016549317232478
11.690000000000	0.00075296541904818	-0.0016487810217898
11.700000000000	0.00076809579245761	-0.0016424634034298
11.710000000000	0.00078318981925650	-0.0016359785177109
11.720000000000	0.00079824543896007	-0.0016293260367350
11.730000000000	0.00081326056981018	-0.0016225056557756
11.740000000000	0.00082823310881982	-0.0016155170939022
11.750000000000	0.00084316093183017	-0.0016083600946156
11.760000000000	0.00085804189358067	-0.0016010344264962
11.770000000000	0.00087287382779261	-0.0015935398838625
11.780000000000	0.00088765454726719	-0.0015858762874418
11.790000000000	0.00090238184399821	-0.0015780434850521
11.800000000000	0.00091705348930062	-0.0015700413522954
11.810000000000	0.00093166723395499	-0.0015618697932619
11.820000000000	0.00094622080836911	-0.0015535287412455
11.830000000000	0.00096071192275701	-0.0015450181594694
11.840000000000	0.00097513826733639	-0.0015363380418234
11.850000000000	0.00098949751254491	-0.0015274884136105
11.860000000000	0.0010037873092763	-0.0015184693323040
11.870000000000	0.0010180052891370	-0.0015092808883141
11.880000000000	0.0010321490647235	-0.0014999232057646
11.890000000000	0.0010462162299223	-0.0014903964432775
11.900000000000	0.0010602043602321	-0.0014807007947672
11.910000000000	0.0010741110131094	-0.0014708364902426
11.920000000000	0.0010879337283384	-0.0014608037966170
11.930000000000	0.0011016700284260	-0.0014506030185248
11.940000000000	0.0011153174190220	-0.0014402344991455
11.950000000000	0.0011288733893665	-0.0014296986210337
11.960000000000	0.0011423354127636	-0.0014189958069539
11.970000000000	0.0011557009470840	-0.0014081265207214
11.980000000000	0.0011689674352957	-0.0013970912680457
11.990000000000	0.0011821323060244	-0.0013858905973788
12.000000000000	0.0011951929741442	-0.0013745251007650
12.010000000000	0.0012081468413990	-0.0013629954146932
12.020000000000	0.0012209912970554	-0.0013513022209491
12.030000000000	0.0012337237185888	-0.0013394462474685
12.040000000000	0.0012463414724015	-0.0013274282691888
12.050000000000	0.0012588419145748	-0.0013152491088985
12.060000000000	0.0012712223916561	-0.0013029096380841
12.070000000000	0.0012834802414797	-0.0012904107777719
12.080000000000	0.0012956127940243	-0.0012777534993657
12.090000000000	0.0013076173723061	-0.0012649388254764
12.100000000000	0.0013194912933085	-0.0012519678307451
12.110000000000	0.0013312318689489	-0.0012388416426563
12.120000000000	0.0013428364070838	-0.0012255614423412
12.130000000000	0.0013543022125507	-0.0012121284653684
12.140000000000	0.0013656265882496	-0.0011985440025220
12.150000000000	0.0013768068362628	-0.0011848094005647
12.160000000000	0.0013878402590135	-0.0011709260629848
12.170000000000	0.0013987241604642	-0.0011568954507247
12.180000000000	0.0014094558473541	-0.0011427190828907
12.190000000000	0.0014200326304771	-0.0011283985374413
12.200000000000	0.0014304518259977	-0.0011139354518529
12.210000000000	0.0014407107568089	-0.0010993315237606
12.220000000000	0.0014508067539278	-0.0010845885115731
12.230000000000	0.0014607371579321	-0.0010697082350594
12.240000000000	0.0014704993204349	-0.0010546925759054
12.250000000000	0.0014800906055997	-0.0010395434782387
12.260000000000	0.0014895083916932	-0.0010242629491202
12.270000000000	0.0014987500726772	-0.0010088530589996
12.280000000000	0.0015078130598374	-0.00099331594213313
12.290000000000	0.0015166947834508	-0.00097765379696293
12.300000000000	0.0015253926944881	-0.00096186888645367
12.310000000000	0.0015339042663533	-0.00094596353838654
12.320000000000	0.0015422269966573	-0.00092994014560757
12.330000000000	0.0015503584090259	-0.00091380116622859
12.340000000000	0.0015582960549407	-0.00089754912377872
12.350000000000	0.0015660375156121	-0.00088118660730452
12.360000000000	0.0015735804038816	-0.00086471627141680
12.370000000000	0.0015809223661554	-0.00084814083628201
12.380000000000	0.0015880610843633	-0.00083146308755641
12.390000000000	0.0015949942779459	-0.00081468587626100
12.400000000000	0.0016017197058649	-0.00079781211859539
12.410000000000	0.0016082351686367	-0.00078084479568864
12.420000000000	0.0016145385103866	-0.00076378695328536
12.430000000000	0.0016206276209222	-0.00074664170136527
12.440000000000	0.0016265004378229	-0.00072941221369442
12.450000000000	0.0016321549485448	-0.00071210172730651
12.460000000000	0.0016375891925368	-0.00069471354191264
12.470000000000	0.0016428012633675	-0.00067725101923796
12.480000000000	0.0016477893108585	-0.00065971758228381
12.490000000000	0.0016525515432229	-0.00064211671451388
12.500000000000	0.0016570862292058	-0.00062445195896327
12.510000000000	0.0016613917002231	-0.00060672691726898
12.520000000000	0.0016654663524976	-0.00058894524862111
12.530000000000	0.0016693086491871	-0.00057111066863338
12.540000000000	0.0016729171225037	-0.00055322694813246
12.550000000000	0.0016762903758187	-0.00053529791186511
12.560000000000	0.0016794270857526	-0.00051732743712260
12.570000000000	0.0016823260042435	-0.00049931945228191
12.580000000000	0.0016849859605944	-0.00048127793526338
12.590000000000	0.0016874058634920	-0.00046320691190451
12.600000000000	0.0016895847029966	-0.00044511045424993
12.610000000000	0.0016915215524973	-0.00042699267875756
12.620000000000	0.0016932155706307	-0.00040885774442127
12.630000000000	0.0016946660031577	-0.00039070985081047
12.640000000000	0.0016958721847959	-0.00037255323602695
12.650000000000	0.0016968335410034	-0.00035439217458021
12.660000000000	0.0016975495897101	-0.00033623097518171
12.670000000000	0.0016980199429934	-0.00031807397845935
12.680000000000	0.0016982443086936	-0.00029992555459363
12.690000000000	0.0016982224919662	-0.00028179010087657
12.700000000000	0.0016979543967666	-0.00026367203919542
