#Parameters = {Lh=0.033016666666667; Oa=0.049839326046652; Oo=0.0041966915170919; a=0.5; d=0.035; h=9; p=3; phi=0; r_1=2; r_2=2.7; s=0.2; t=0.2; theta=0; w=12}
#""	"z [Re]"	"z [Im]"
#--------------------
2.7000000000000	1.6685064524095	-1.0066578202322
2.7100000000000	1.6751721249926	-0.98483122266248
2.7200000000000	1.6810594678792	-0.96306295338325
2.7300000000000	1.6861833016268	-0.94138774887370
2.7400000000000	1.6905602145152	-0.91983871348266
2.7500000000000	1.6942083924706	-0.89844723353104
2.7600000000000	1.6971474472757	-0.87724290933893
2.7700000000000	1.6993982449559	-0.85625350461015
2.7800000000000	1.7009827360743	-0.83550491241760
2.7900000000000	1.7019237894982	-0.81502113687466
2.8000000000000	1.7022450310158	-0.79482428944986
2.8100000000000	1.7019706879928	-0.77493459878481
2.8200000000000	1.7011254410755	-0.75537043280644
2.8300000000000	1.6997342837566	-0.73614833188305
2.8400000000000	1.6978223904464	-0.71728305175654
2.8500000000000	1.6954149935191	-0.69878761498796
2.8600000000000	1.6925372696509	-0.68067336967811
2.8700000000000	1.6892142356191	-0.66295005426495
2.8800000000000	1.6854706536029	-0.64562586725411
2.8900000000000	1.6813309459111	-0.62870754080335
2.9000000000000	1.6768191189625	-0.61220041715484
2.9100000000000	1.6719586962571	-0.59610852698794
2.9200000000000	1.6667726600090	-0.58043466884715
2.9300000000000	1.6612834010491	-0.56518048888384
2.9400000000000	1.6555126765669	-0.55034656023430
2.9500000000000	1.6494815752222	-0.53593246143850
2.9600000000000	1.6432104891389	-0.52193685338386
2.9700000000000	1.6367190922765	-0.50835755433424
2.9800000000000	1.6300263246749	-0.49519161267592
2.9900000000000	1.6231503820637	-0.48243537707933
3.0000000000000	1.6161087103426	-0.47008456383689
3.0100000000000	1.6089180044475	-0.45813432119357
3.0200000000000	1.6015942111373	-0.44657929053785
3.0300000000000	1.5941525352559	-0.43541366436608
3.0400000000000	1.5866074490473	-0.42463124097375
3.0500000000000	1.5789727041264	-0.41422547586219
3.0600000000000	1.5712613457337	-0.40418952988010
3.0700000000000	1.5634857289296	-0.39451631414508
3.0800000000000	1.5556575364090	-0.38519853181236
3.0900000000000	1.5477877976442	-0.37622871677612
3.1000000000000	1.5398869090898	-0.36759926940351
3.1100000000000	1.5319646552078	-0.35930248941280
3.1200000000000	1.5240302300956	-0.35133060601632
3.1300000000000	1.5160922595213	-0.34367580545481
3.1400000000000	1.5081588231934	-0.33633025605408
3.1500000000000	1.5002374771115	-0.32928613093753
3.1600000000000	1.4923352758633	-0.32253562852810
3.1700000000000	1.4844587947503	-0.31607099097332
3.1800000000000	1.4766141516425	-0.30988452062475
3.1900000000000	1.4688070284736	-0.30396859470064
3.2000000000000	1.4610426923066	-0.29831567825698
3.2100000000000	1.4533260159052	-0.29291833558801
3.2200000000000	1.4456614977652	-0.28776924017275
3.2300000000000	1.4380532815625	-0.28286118327887
3.2400000000000	1.4305051749894	-0.27818708133034
3.2500000000000	1.4230206679536	-0.27373998213976
3.2600000000000	1.4156029501250	-0.26951307010081
3.2700000000000	1.4082549278195	-0.26549967043100
3.2800000000000	1.4009792402155	-0.26169325254924
3.2900000000000	1.3937782749015	-0.25808743266782
3.3000000000000	1.3866541827605	-0.25467597567275
3.3100000000000	1.3796088921961	-0.25145279636185
3.3200000000000	1.3726441227127	-0.24841196010481
3.3300000000000	1.3657613978600	-0.24554768298505
3.3400000000000	1.3589620575582	-0.24285433147853
3.3500000000000	1.3522472698183	-0.24032642172065
3.3600000000000	1.3456180418765	-0.23795861840837
3.3700000000000	1.3390752307599	-0.23574573338067
3.3800000000000	1.3326195533026	-0.23368272391731
3.3900000000000	1.3262515956334	-0.23176469079208
3.4000000000000	1.3199718221527	-0.22998687611404
3.4100000000000	1.3137805840207	-0.22834466098684
3.4200000000000	1.3076781271761	-0.22683356301403
3.4300000000000	1.3016645999050	-0.22544923367526
3.4400000000000	1.2957400599810	-0.22418745559611
3.4500000000000	1.2899044813948	-0.22304413973235
3.4600000000000	1.2841577606918	-0.22201532248682
3.4700000000000	1.2784997229392	-0.22109716277592
3.4800000000000	1.2729301273366	-0.22028593906055
3.4900000000000	1.2674486724912	-0.21957804635488
3.5000000000000	1.2620550013724	-0.21896999322502
3.5100000000000	1.2567487059638	-0.21845839878801
3.5200000000000	1.2515293316265	-0.21803998972078
3.5300000000000	1.2463963811909	-0.21771159728715
3.5400000000000	1.2413493187908	-0.21747015439033
3.5500000000000	1.2363875734526	-0.21731269265711
3.5600000000000	1.2315105424555	-0.21723633955946
3.5700000000000	1.2267175944733	-0.21723831557807
3.5800000000000	1.2220080725106	-0.21731593141211
3.5900000000000	1.2173812966459	-0.21746658523845
3.6000000000000	1.2128365665916	-0.21768776002340
3.6100000000000	1.2083731640815	-0.21797702088917
3.6200000000000	1.2039903550972	-0.21833201253713
3.6300000000000	1.1996873919403	-0.21875045672917
3.6400000000000	1.1954635151625	-0.21923014982847
3.6500000000000	1.1913179553596	-0.21976896040037
3.6600000000000	1.1872499348389	-0.22036482687390
3.6700000000000	1.1832586691670	-0.22101575526416
3.6800000000000	1.1793433686057	-0.22171981695570
3.6900000000000	1.1755032394430	-0.22247514654650
3.7000000000000	1.1717374852243	-0.22327993975242
3.7100000000000	1.1680453078919	-0.22413245137143
3.7200000000000	1.1644259088375	-0.22503099330702
3.7300000000000	1.1608784898725	-0.22597393265010
3.7400000000000	1.1574022541230	-0.22695968981837
3.7500000000000	1.1539964068522	-0.22798673675226
3.7600000000000	1.1506601562174	-0.22905359516653
3.7700000000000	1.1473927139624	-0.23015883485620
3.7800000000000	1.1441932960531	-0.23130107205592
3.7900000000000	1.1410611232573	-0.23247896785141
3.8000000000000	1.1379954216732	-0.23369122664188
3.8100000000000	1.1349954232112	-0.23493659465212
3.8200000000000	1.1320603660291	-0.23621385849309
3.8300000000000	1.1291894949277	-0.23752184376969
3.8400000000000	1.1263820617056	-0.23885941373443
3.8500000000000	1.1236373254791	-0.24022546798586
3.8600000000000	1.1209545529674	-0.24161894121036
3.8700000000000	1.1183330187468	-0.24303880196610
3.8800000000000	1.1157720054749	-0.24448405150797
3.8900000000000	1.1132708040884	-0.24595372265221
3.9000000000000	1.1108287139748	-0.24744687867954
3.9100000000000	1.1084450431205	-0.24896261227565
3.9200000000000	1.1061191082373	-0.25050004450776
3.9300000000000	1.1038502348684	-0.25205832383635
3.9400000000000	1.1016377574754	-0.25363662516060
3.9500000000000	1.0994810195082	-0.25523414889679
3.9600000000000	1.0973793734578	-0.25685012008832
3.9700000000000	1.0953321808952	-0.25848378754649
3.9800000000000	1.0933388124959	-0.26013442302088
3.9900000000000	1.0913986480511	-0.26180132039846
4.0000000000000	1.0895110764683	-0.26348379493035
4.0100000000000	1.0876754957600	-0.26518118248543
4.0200000000000	1.0858913130229	-0.26689283882969
4.0300000000000	1.0841579444072	-0.26861813893065
4.0400000000000	1.0824748150789	-0.27035647628583
4.0500000000000	1.0808413591726	-0.27210726227452
4.0600000000000	1.0792570197388	-0.27386992553198
4.0700000000000	1.0777212486834	-0.27564391134534
4.0800000000000	1.0762335067026	-0.27742868107044
4.0900000000000	1.0747932632113	-0.27922371156882
4.1000000000000	1.0733999962674	-0.28102849466416
4.1100000000000	1.0720531924918	-0.28284253661759
4.1200000000000	1.0707523469835	-0.28466535762104
4.1300000000000	1.0694969632327	-0.28649649130808
4.1400000000000	1.0682865530291	-0.28833548428166
4.1500000000000	1.0671206363689	-0.29018189565804
4.1600000000000	1.0659987413580	-0.29203529662645
4.1700000000000	1.0649204041142	-0.29389527002383
4.1800000000000	1.0638851686664	-0.29576140992415
4.1900000000000	1.0628925868532	-0.29763332124179
4.2000000000000	1.0619422182192	-0.29951061934849
4.2100000000000	1.0610336299108	-0.30139292970329
4.2200000000000	1.0601663965708	-0.30327988749518
4.2300000000000	1.0593401002320	-0.30517113729780
4.2400000000000	1.0585543302106	-0.30706633273585
4.2500000000000	1.0578086829989	-0.30896513616288
4.2600000000000	1.0571027621577	-0.31086721834987
4.2700000000000	1.0564361782090	-0.31277225818433
4.2800000000000	1.0558085485279	-0.31467994237955
4.2900000000000	1.0552194972352	-0.31658996519356
4.3000000000000	1.0546686550902	-0.31850202815753
4.3100000000000	1.0541556593834	-0.32041583981325
4.3200000000000	1.0536801538301	-0.32233111545929
4.3300000000000	1.0532417884640	-0.32424757690569
4.3400000000000	1.0528402195316	-0.32616495223670
4.3500000000000	1.0524751093873	-0.32808297558143
4.3600000000000	1.0521461263890	-0.33000138689201
4.3700000000000	1.0518529447944	-0.33191993172910
4.3800000000000	1.0515952446583	-0.33383836105440
4.3900000000000	1.0513727117307	-0.33575643102997
4.4000000000000	1.0511850373555	-0.33767390282409
4.4100000000000	1.0510319183701	-0.33959054242346
4.4200000000000	1.0509130570067	-0.34150612045146
4.4300000000000	1.0508281607933	-0.34342041199233
4.4400000000000	1.0507769424569	-0.34533319642103
4.4500000000000	1.0507591198267	-0.34724425723853
4.4600000000000	1.0507744157393	-0.34915338191248
4.4700000000000	1.0508225579440	-0.35106036172284
4.4800000000000	1.0509032790098	-0.35296499161262
4.4900000000000	1.0510163162332	-0.35486707004319
4.5000000000000	1.0511614115473	-0.35676639885433
4.5100000000000	1.0513383114316	-0.35866278312856
4.5200000000000	1.0515467668233	-0.36055603105987
4.5300000000000	1.0517865330297	-0.36244595382647
4.5400000000000	1.0520573696413	-0.36433236546750
4.5500000000000	1.0523590404466	-0.36621508276359
4.5600000000000	1.0526913133473	-0.36809392512099
4.5700000000000	1.0530539602757	-0.36996871445928
4.5800000000000	1.0534467571119	-0.37183927510233
4.5900000000000	1.0538694836032	-0.37370543367250
4.6000000000000	1.0543219232839	-0.37556701898773
4.6100000000000	1.0548038633966	-0.37742386196162
4.6200000000000	1.0553150948136	-0.37927579550605
4.6300000000000	1.0558554119600	-0.38112265443642
4.6400000000000	1.0564246127369	-0.38296427537922
4.6500000000000	1.0570224984451	-0.38480049668203
4.6600000000000	1.0576488737092	-0.38663115832583
4.6700000000000	1.0583035464012	-0.38845610183976
4.6800000000000	1.0589863275643	-0.39027517021862
4.6900000000000	1.0596970313362	-0.39208820784340
4.7000000000000	1.0604354748723	-0.39389506040531
4.7100000000000	1.0612014782686	-0.39569557483384
4.7200000000000	1.0619948644857	-0.39748959922914
4.7300000000000	1.0628154592740	-0.39927698279893
4.7400000000000	1.0636630911015	-0.40105757579965
4.7500000000000	1.0645375910852	-0.40283122948124
4.7600000000000	1.0654387929257	-0.40459779603424
4.7700000000000	1.0663665328472	-0.40635712853811
4.7800000000000	1.0673206495396	-0.40810908090916
4.7900000000000	1.0683009841046	-0.40985350784726
4.8000000000000	1.0693073800015	-0.41159026478082
4.8100000000000	1.0703396829942	-0.41331920781020
4.8200000000000	1.0713977410963	-0.41504019365023
4.8300000000000	1.0724814045142	-0.41675307957282
4.8400000000000	1.0735905255885	-0.41845772335065
4.8500000000000	1.0747249587343	-0.42015398320292
4.8600000000000	1.0758845603794	-0.42184171774349
4.8700000000000	1.0770691889025	-0.42352078593185
4.8800000000000	1.0782787045717	-0.42519104702693
4.8900000000000	1.0795129694834	-0.42685236054337
4.9000000000000	1.0807718475014	-0.42850458621022
4.9100000000000	1.0820552041981	-0.43014758393160
4.9200000000000	1.0833629067962	-0.43178121374905
4.9300000000000	1.0846948241111	-0.43340533580545
4.9400000000000	1.0860508264948	-0.43501981031016
4.9500000000000	1.0874307857805	-0.43662449750536
4.9600000000000	1.0888345752281	-0.43821925763343
4.9700000000000	1.0902620694704	-0.43980395090533
4.9800000000000	1.0917131444593	-0.44137843746991
4.9900000000000	1.0931876774141	-0.44294257738413
5.0000000000000	1.0946855467684	-0.44449623058428
5.0100000000000	1.0962066321188	-0.44603925685792
5.0200000000000	1.0977508141738	-0.44757151581688
5.0300000000000	1.0993179747027	-0.44909286687101
5.0400000000000	1.1009079964852	-0.45060316920289
5.0500000000000	1.1025207632612	-0.45210228174337
5.0600000000000	1.1041561596812	-0.45359006314792
5.0700000000000	1.1058140712567	-0.45506637177399
5.0800000000000	1.1074943843111	-0.45653106565902
5.0900000000000	1.1091969859309	-0.45798400249942
5.1000000000000	1.1109217639173	-0.45942503963038
5.1100000000000	1.1126686067376	-0.46085403400641
5.1200000000000	1.1144374034777	-0.46227084218277
5.1300000000000	1.1162280437940	-0.46367532029772
5.1400000000000	1.1180404178661	-0.46506732405549
5.1500000000000	1.1198744163499	-0.46644670871012
5.1600000000000	1.1217299303302	-0.46781332905000
5.1700000000000	1.1236068512743	-0.46916703938329
5.1800000000000	1.1255050709854	-0.47050769352399
5.1900000000000	1.1274244815564	-0.47183514477887
5.2000000000000	1.1293649753241	-0.47314924593509
5.2100000000000	1.1313264448227	-0.47444984924861
5.2200000000000	1.1333087827392	-0.47573680643331
5.2300000000000	1.1353118818669	-0.47700996865087
5.2400000000000	1.1373356350612	-0.47826918650138
5.2500000000000	1.1393799351937	-0.47951431001469
5.2600000000000	1.1414446751078	-0.48074518864249
5.2700000000000	1.1435297475741	-0.48196167125105
5.2800000000000	1.1456350452456	-0.48316360611480
5.2900000000000	1.1477604606136	-0.48435084091053
5.3000000000000	1.1499058859632	-0.48552322271234
5.3100000000000	1.1520712133299	-0.48668059798733
5.3200000000000	1.1542563344550	-0.48782281259198
5.3300000000000	1.1564611407424	-0.48894971176920
5.3400000000000	1.1586855232150	-0.49006114014624
5.3500000000000	1.1609293724712	-0.49115694173312
5.3600000000000	1.1631925786416	-0.49223695992192
5.3700000000000	1.1654750313458	-0.49330103748673
5.3800000000000	1.1677766196501	-0.49434901658433
5.3900000000000	1.1700972320237	-0.49538073875557
5.4000000000000	1.1724367562967	-0.49639604492744
5.4100000000000	1.1747950796174	-0.49739477541600
5.4200000000000	1.1771720884100	-0.49837676992980
5.4300000000000	1.1795676683319	-0.49934186757428
5.4400000000000	1.1819817042324	-0.50028990685668
5.4500000000000	1.1844140801099	-0.50122072569180
5.4600000000000	1.1868646790708	-0.50213416140851
5.4700000000000	1.1893333832873	-0.50303005075688
5.4800000000000	1.1918200739563	-0.50390822991616
5.4900000000000	1.1943246312578	-0.50476853450344
5.5000000000000	1.1968469343136	-0.50561079958313
5.5100000000000	1.1993868611468	-0.50643485967705
5.5200000000000	1.2019442886404	-0.50724054877544
5.5300000000000	1.2045190924966	-0.50802770034860
5.5400000000000	1.2071111471967	-0.50879614735938
5.5500000000000	1.2097203259604	-0.50954572227635
5.5600000000000	1.2123465007057	-0.51027625708783
5.5700000000000	1.2149895420091	-0.51098758331661
5.5800000000000	1.2176493190655	-0.51167953203553
5.5900000000000	1.2203256996489	-0.51235193388378
5.6000000000000	1.2230185500731	-0.51300461908401
5.6100000000000	1.2257277351522	-0.51363741746025
5.6200000000000	1.2284531181619	-0.51425015845657
5.6300000000000	1.2311945608010	-0.51484267115665
5.6400000000000	1.2339519231526	-0.51541478430402
5.6500000000000	1.2367250636462	-0.51596632632323
5.6600000000000	1.2395138390197	-0.51649712534174
5.6700000000000	1.2423181042815	-0.51700700921270
5.6800000000000	1.2451377126735	-0.51749580553853
5.6900000000000	1.2479725156339	-0.51796334169530
5.7000000000000	1.2508223627604	-0.51840944485799
5.7100000000000	1.2536871017736	-0.51883394202655
5.7200000000000	1.2565665784812	-0.51923666005283
5.7300000000000	1.2594606367421	-0.51961742566829
5.7400000000000	1.2623691184305	-0.51997606551267
5.7500000000000	1.2652918634019	-0.52031240616338
5.7600000000000	1.2682287094572	-0.52062627416585
5.7700000000000	1.2711794923094	-0.52091749606470
5.7800000000000	1.2741440455490	-0.52118589843573
5.7900000000000	1.2771222006114	-0.52143130791881
5.8000000000000	1.2801137867428	-0.52165355125168
5.8100000000000	1.2831186309686	-0.52185245530453
5.8200000000000	1.2861365580610	-0.52202784711548
5.8300000000000	1.2891673905073	-0.52217955392698
5.8400000000000	1.2922109484790	-0.52230740322299
5.8500000000000	1.2952670498011	-0.52241122276712
5.8600000000000	1.2983355099224	-0.52249084064160
5.8700000000000	1.3014161418857	-0.52254608528711
5.8800000000000	1.3045087562991	-0.52257678554353
5.8900000000000	1.3076131613079	-0.52258277069149
5.9000000000000	1.3107291625668	-0.52256387049488
5.9100000000000	1.3138565632127	-0.52251991524419
5.9200000000000	1.3169951638389	-0.52245073580064
5.9300000000000	1.3201447624689	-0.52235616364135
5.9400000000000	1.3233051545318	-0.52223603090520
5.9500000000000	1.3264761328381	-0.52209017043965
5.9600000000000	1.3296574875556	-0.52191841584839
5.9700000000000	1.3328490061876	-0.52172060153983
5.9800000000000	1.3360504735503	-0.52149656277644
5.9900000000000	1.3392616717519	-0.52124613572497
6.0000000000000	1.3424823801723	-0.52096915750744
6.0100000000000	1.3457123754435	-0.52066546625300
6.0200000000000	1.3489514314314	-0.52033490115062
6.0300000000000	1.3521993192179	-0.51997730250257
6.0400000000000	1.3554558070841	-0.51959251177868
6.0500000000000	1.3587206604947	-0.51918037167150
6.0600000000000	1.3619936420831	-0.51874072615212
6.0700000000000	1.3652745116375	-0.51827342052681
6.0800000000000	1.3685630260885	-0.51777830149452
6.0900000000000	1.3718589394967	-0.51725521720495
6.1000000000000	1.3751620030429	-0.51670401731752
6.1100000000000	1.3784719650176	-0.51612455306100
6.1200000000000	1.3817885708132	-0.51551667729385
6.1300000000000	1.3851115629164	-0.51488024456526
6.1400000000000	1.3884406809024	-0.51421511117690
6.1500000000000	1.3917756614294	-0.51352113524532
6.1600000000000	1.3951162382354	-0.51279817676497
6.1700000000000	1.3984621421353	-0.51204609767190
6.1800000000000	1.4018131010202	-0.51126476190803
6.1900000000000	1.4051688398570	-0.51045403548604
6.2000000000000	1.4085290806901	-0.50961378655482
6.2100000000000	1.4118935426440	-0.50874388546545
6.2200000000000	1.4152619419275	-0.50784420483776
6.2300000000000	1.4186339918391	-0.50691461962734
6.2400000000000	1.4220094027742	-0.50595500719304
6.2500000000000	1.4253878822330	-0.50496524736498
6.2600000000000	1.4287691348308	-0.50394522251288
6.2700000000000	1.4321528623089	-0.50289481761490
6.2800000000000	1.4355387635478	-0.50181392032682
6.2900000000000	1.4389265345812	-0.50070242105151
6.3000000000000	1.4423158686122	-0.49956021300880
6.3100000000000	1.4457064560303	-0.49838719230559
6.3200000000000	1.4490979844311	-0.49718325800623
6.3300000000000	1.4524901386363	-0.49594831220307
6.3400000000000	1.4558826007168	-0.49468226008732
6.3500000000000	1.4592750500157	-0.49338501001991
6.3600000000000	1.4626671631747	-0.49205647360260
6.3700000000000	1.4660586141611	-0.49069656574910
6.3800000000000	1.4694490742968	-0.48930520475627
6.3900000000000	1.4728382122894	-0.48788231237530
6.4000000000000	1.4762256942639	-0.48642781388290
6.4100000000000	1.4796111837980	-0.48494163815238
6.4200000000000	1.4829943419571	-0.48342371772466
6.4300000000000	1.4863748273329	-0.48187398887911
6.4400000000000	1.4897522960823	-0.48029239170418
6.4500000000000	1.4931264019695	-0.47867887016784
6.4600000000000	1.4964967964085	-0.47703337218773
6.4700000000000	1.4998631285086	-0.47535584970092
6.4800000000000	1.5032250451213	-0.47364625873343
6.4900000000000	1.5065821908884	-0.47190455946923
6.5000000000000	1.5099342082935	-0.47013071631882
6.5100000000000	1.5132807377137	-0.46832469798731
6.5200000000000	1.5166214174738	-0.46648647754193
6.5300000000000	1.5199558839033	-0.46461603247900
6.5400000000000	1.5232837713932	-0.46271334479009
6.5500000000000	1.5266047124568	-0.46077840102770
6.5600000000000	1.5299183377911	-0.45881119237002
6.5700000000000	1.5332242763400	-0.45681171468494
6.5800000000000	1.5365221553604	-0.45477996859325
6.5900000000000	1.5398116004889	-0.45271595953088
6.6000000000000	1.5430922358114	-0.45061969781020
6.6100000000000	1.5463636839335	-0.44849119868035
6.6200000000000	1.5496255660539	-0.44633048238647
6.6300000000000	1.5528775020385	-0.44413757422782
6.6400000000000	1.5561191104971	-0.44191250461477
6.6500000000000	1.5593500088613	-0.43965530912453
6.6600000000000	1.5625698134648	-0.43736602855564
6.6700000000000	1.5657781396249	-0.43504470898113
6.6800000000000	1.5689746017258	-0.43269140180032
6.6900000000000	1.5721588133043	-0.43030616378913
6.7000000000000	1.5753303871361	-0.42788905714898
6.7100000000000	1.5784889353244	-0.42544014955411
6.7200000000000	1.5816340693905	-0.42295951419734
6.7300000000000	1.5847654003651	-0.42044722983418
6.7400000000000	1.5878825388818	-0.41790338082521
6.7500000000000	1.5909850952724	-0.41532805717680
6.7600000000000	1.5940726796626	-0.41272135457994
6.7700000000000	1.5971449020707	-0.41008337444728
6.7800000000000	1.6002013725066	-0.40741422394829
6.7900000000000	1.6032417010726	-0.40471401604240
6.8000000000000	1.6062654980659	-0.40198286951022
6.8100000000000	1.6092723740815	-0.39922090898266
6.8200000000000	1.6122619401179	-0.39642826496802
6.8300000000000	1.6152338076823	-0.39360507387687
6.8400000000000	1.6181875888984	-0.39075147804480
6.8500000000000	1.6211228966148	-0.38786762575293
6.8600000000000	1.6240393445142	-0.38495367124614
6.8700000000000	1.6269365472243	-0.38200977474895
6.8800000000000	1.6298141204293	-0.37903610247914
6.8900000000000	1.6326716809824	-0.37603282665889
6.9000000000000	1.6355088470190	-0.37300012552348
6.9100000000000	1.6383252380715	-0.36993818332759
6.9200000000000	1.6411204751840	-0.36684719034903
6.9300000000000	1.6438941810277	-0.36372734288992
6.9400000000000	1.6466459800181	-0.36057884327536
6.9500000000000	1.6493754984314	-0.35740189984941
6.9600000000000	1.6520823645221	-0.35419672696847
6.9700000000000	1.6547662086410	-0.35096354499201
6.9800000000000	1.6574266633538	-0.34770258027059
6.9900000000000	1.6600633635596	-0.34441406513112
7.0000000000000	1.6626759466096	-0.34109823785948
7.0100000000000	1.6652640524268	-0.33775534268024
7.0200000000000	1.6678273236247	-0.33438562973376
7.0300000000000	1.6703654056270	-0.33098935505033
7.0400000000000	1.6728779467865	-0.32756678052165
7.0500000000000	1.6753645985047	-0.32411817386933
7.0600000000000	1.6778250153501	-0.32064380861071
7.0700000000000	1.6802588551777	-0.31714396402172
7.0800000000000	1.6826657792468	-0.31361892509695
7.0900000000000	1.6850454523391	-0.31006898250681
7.1000000000000	1.6873975428762	-0.30649443255191
7.1100000000000	1.6897217230368	-0.30289557711456
7.1200000000000	1.6920176688725	-0.29927272360733
7.1300000000000	1.6942850604234	-0.29562618491892
7.1400000000000	1.6965235818334	-0.29195627935707
7.1500000000000	1.6987329214633	-0.28826333058866
7.1600000000000	1.7009127720043	-0.28454766757707
7.1700000000000	1.7030628305894	-0.28080962451662
7.1800000000000	1.7051827989046	-0.27704954076436
7.1900000000000	1.7072723832982	-0.27326776076896
7.2000000000000	1.7093312948891	-0.26946463399697
7.2100000000000	1.7113592496738	-0.26564051485633
7.2200000000000	1.7133559686317	-0.26179576261714
7.2300000000000	1.7153211778296	-0.25793074132985
7.2400000000000	1.7172546085235	-0.25404581974080
7.2500000000000	1.7191559972598	-0.25014137120513
7.2600000000000	1.7210250859742	-0.24621777359717
7.2700000000000	1.7228616220890	-0.24227540921835
7.2800000000000	1.7246653586082	-0.23831466470255
7.2900000000000	1.7264360542113	-0.23433593091910
7.3000000000000	1.7281734733444	-0.23033960287336
7.3100000000000	1.7298773863095	-0.22632607960499
7.3200000000000	1.7315475693521	-0.22229576408393
7.3300000000000	1.7331838047454	-0.21824906310413
7.3400000000000	1.7347858808735	-0.21418638717515
7.3500000000000	1.7363535923116	-0.21010815041160
7.3600000000000	1.7378867399035	-0.20601477042058
7.3700000000000	1.7393851308377	-0.20190666818708
7.3800000000000	1.7408485787196	-0.19778426795745
7.3900000000000	1.7422769036423	-0.19364799712107
7.4000000000000	1.7436699322539	-0.18949828609011
7.4100000000000	1.7450274978229	-0.18533556817772
7.4200000000000	1.7463494402998	-0.18116027947438
7.4300000000000	1.7476356063772	-0.17697285872283
7.4400000000000	1.7488858495460	-0.17277374719140
7.4500000000000	1.7501000301492	-0.16856338854592
7.4600000000000	1.7512780154328	-0.16434222872031
7.4700000000000	1.7524196795936	-0.16011071578582
7.4800000000000	1.7535249038239	-0.15586929981917
7.4900000000000	1.7545935763536	-0.15161843276949
7.5000000000000	1.7556255924889	-0.14735856832425
7.5100000000000	1.7566208546478	-0.14309016177424
7.5200000000000	1.7575792723925	-0.13881366987773
7.5300000000000	1.7585007624596	-0.13452955072371
7.5400000000000	1.7593852487853	-0.13023826359462
7.5500000000000	1.7602326625293	-0.12594026882828
7.5600000000000	1.7610429420943	-0.12163602767944
7.5700000000000	1.7618160331426	-0.11732600218081
7.5800000000000	1.7625518886099	-0.11301065500376
7.5900000000000	1.7632504687151	-0.10869044931877
7.6000000000000	1.7639117409677	-0.10436584865566
7.6100000000000	1.7645356801712	-0.10003731676381
7.6200000000000	1.7651222684238	-0.095705317472271
7.6300000000000	1.7656714951156	-0.091370314550098
7.6400000000000	1.7661833569228	-0.087032771566723
7.6500000000000	1.7666578577985	-0.082693151752686
7.6600000000000	1.7670950089602	-0.078351917860667
7.6700000000000	1.7674948288744	-0.074009532026976
7.6800000000000	1.7678573432378	-0.069666455633552
7.6900000000000	1.7681825849556	-0.065323149170577
7.7000000000000	1.7684705941161	-0.060980072099771
7.7100000000000	1.7687214179630	-0.056637682718471
7.7200000000000	1.7689351108639	-0.052296438024566
7.7300000000000	1.7691117342762	-0.047956793582365
7.7400000000000	1.7692513567098	-0.043619203389482
7.7500000000000	1.7693540536867	-0.039284119744827
7.7600000000000	1.7694199076980	-0.034951993117778
7.7700000000000	1.7694490081575	-0.030623272018582
7.7800000000000	1.7694414513530	-0.026298402870120
7.7900000000000	1.7693973403943	-0.021977829881020
7.8000000000000	1.7693167851584	-0.017661994920317
7.8100000000000	1.7691999022327	-0.013351337393589
7.8200000000000	1.7690468148544	-0.0090462941207368
7.8300000000000	1.7688576528483	-0.0047472992154947
7.8400000000000	1.7686325525611	-0.00045478396644959
7.8500000000000	1.7683716567941	0.0038308232795233
7.8600000000000	1.7680751147324	0.0081090972329930
7.8700000000000	1.7677430818731	0.012379615774643
7.8800000000000	1.7673757199495	0.016641960066718
7.8900000000000	1.7669731968541	0.020895714662082
7.9000000000000	1.7665356865591	0.025140467611366
7.9100000000000	1.7660633690351	0.029375810567819
7.9200000000000	1.7655564301667	0.033601338890049
7.9300000000000	1.7650150616670	0.037816651742511
7.9400000000000	1.7644394609900	0.042021352193681
7.9500000000000	1.7638298312408	0.046215047311920
7.9600000000000	1.7631863810841	0.050397348258981
7.9700000000000	1.7625093246513	0.054567870381082
7.9800000000000	1.7617988814450	0.058726233297546
7.9900000000000	1.7610552762433	0.062872060986990
8.0000000000000	1.7602787390010	0.067004981870970
8.0100000000000	1.7594695047507	0.071124628895130
8.0200000000000	1.7586278135015	0.075230639607759
8.0300000000000	1.7577539101373	0.079322656235794
8.0400000000000	1.7568480443127	0.083400325758199
8.0500000000000	1.7559104703490	0.087463299976734
8.0600000000000	1.7549414471283	0.091511235584076
8.0700000000000	1.7539412379868	0.095543794229298
8.0800000000000	1.7529101106070	0.099560642580669
8.0900000000000	1.7518483369097	0.10356145238580
8.1000000000000	1.7507561929441	0.10754590052907
8.1100000000000	1.7496339587781	0.11151366908644
8.1200000000000	1.7484819183876	0.11546444537748
8.1300000000000	1.7473003595456	0.11939792201478
8.1400000000000	1.7460895737097	0.12331379695066
8.1500000000000	1.7448498559107	0.12721177352116
8.1600000000000	1.7435815046397	0.13109156048741
8.1700000000000	1.7422848217357	0.13495287207425
8.1800000000000	1.7409601122719	0.13879542800630
8.1900000000000	1.7396076844434	0.14261895354124
8.2000000000000	1.7382278494535	0.14642317950062
8.2100000000000	1.7368209214004	0.15020784229788
8.2200000000000	1.7353872171644	0.15397268396392
8.2300000000000	1.7339270562946	0.15771745216997
8.2400000000000	1.7324407608962	0.16144190024800
8.2500000000000	1.7309286555179	0.16514578720848
8.2600000000000	1.7293910670394	0.16882887775574
8.2700000000000	1.7278283245597	0.17249094230078
8.2800000000000	1.7262407592858	0.17613175697159
8.2900000000000	1.7246287044214	0.17975110362115
8.3000000000000	1.7229924950566	0.18334876983290
8.3100000000000	1.7213324680582	0.18692454892390
8.3200000000000	1.7196489619604	0.19047823994572
8.3300000000000	1.7179423168566	0.19400964768289
8.3400000000000	1.7162128742914	0.19751858264918
8.3500000000000	1.7144609771540	0.20100486108168
8.3600000000000	1.7126869695722	0.20446830493257
8.3700000000000	1.7108911968073	0.20790874185884
8.3800000000000	1.7090740051499	0.21132600520988
8.3900000000000	1.7072357418169	0.21471993401297
8.4000000000000	1.7053767548495	0.21809037295675
8.4100000000000	1.7034973930119	0.22143717237275
8.4200000000000	1.7015980056921	0.22476018821489
8.4300000000000	1.6996789428024	0.22805928203716
8.4400000000000	1.6977405546825	0.23133432096939
8.4500000000000	1.6957831920030	0.23458517769125
8.4600000000000	1.6938072056706	0.23781173040449
8.4700000000000	1.6918129467341	0.24101386280339
8.4800000000000	1.6898007662924	0.24419146404362
8.4900000000000	1.6877710154033	0.24734442870945
8.5000000000000	1.6857240449937	0.25047265677937
8.5100000000000	1.6836602057720	0.25357605359020
8.5200000000000	1.6815798481406	0.25665452979965
8.5300000000000	1.6794833221109	0.25970800134758
8.5400000000000	1.6773709772198	0.26273638941575
8.5500000000000	1.6752431624466	0.26573962038626
8.5600000000000	1.6731002261329	0.26871762579874
8.5700000000000	1.6709425159028	0.27167034230626
8.5800000000000	1.6687703785852	0.27459771163007
8.5900000000000	1.6665841601380	0.27749968051314
8.6000000000000	1.6643842055729	0.28037620067267
8.6100000000000	1.6621708588826	0.28322722875150
8.6200000000000	1.6599444629694	0.28605272626853
8.6300000000000	1.6577053595753	0.28885265956818
8.6400000000000	1.6554538892133	0.29162699976895
8.6500000000000	1.6531903911017	0.29437572271107
8.6600000000000	1.6509152030978	0.29709880890342
8.6700000000000	1.6486286616354	0.29979624346953
8.6800000000000	1.6463311016628	0.30246801609302
8.6900000000000	1.6440228565821	0.30511412096224
8.7000000000000	1.6417042581912	0.30773455671429
8.7100000000000	1.6393756366266	0.31032932637844
8.7200000000000	1.6370373203077	0.31289843731907
8.7300000000000	1.6346896358836	0.31544190117797
8.7400000000000	1.6323329081806	0.31795973381627
8.7500000000000	1.6299674601517	0.32045195525588
8.7600000000000	1.6275936128275	0.32291858962060
8.7700000000000	1.6252116852689	0.32535966507680
8.7800000000000	1.6228219945214	0.32777521377388
8.7900000000000	1.6204248555705	0.33016527178439
8.8000000000000	1.6180205812992	0.33252987904394
8.8100000000000	1.6156094824469	0.33486907929093
8.8200000000000	1.6131918675693	0.33718292000607
8.8300000000000	1.6107680430009	0.33947145235185
8.8400000000000	1.6083383128176	0.34173473111185
8.8500000000000	1.6059029788023	0.34397281463000
8.8600000000000	1.6034623404105	0.34618576474990
8.8700000000000	1.6010166947385	0.34837364675402
8.8800000000000	1.5985663364925	0.35053652930304
8.8900000000000	1.5961115579592	0.35267448437525
8.9000000000000	1.5936526489776	0.35478758720599
8.9100000000000	1.5911898969128	0.35687591622728
8.9200000000000	1.5887235866303	0.35893955300761
8.9300000000000	1.5862540004727	0.36097858219190
8.9400000000000	1.5837814182364	0.36299309144165
8.9500000000000	1.5813061171510	0.36498317137537
8.9600000000000	1.5788283718590	0.36694891550928
8.9700000000000	1.5763484543972	0.36889042019827
8.9800000000000	1.5738666341791	0.37080778457720
8.9900000000000	1.5713831779790	0.37270111050250
9.0000000000000	1.5688983499166	0.37457050249418
9.0100000000000	1.5664124114434	0.37641606767821
9.0200000000000	1.5639256213299	0.37823791572925
9.0300000000000	1.5614382356543	0.38003615881386
9.0400000000000	1.5589505077917	0.38181091153415
9.0500000000000	1.5564626884050	0.38356229087183
9.0600000000000	1.5539750254366	0.38529041613282
9.0700000000000	1.5514877641013	0.38699540889225
9.0800000000000	1.5490011468800	0.38867739294012
9.0900000000000	1.5465154135144	0.39033649422729
9.1000000000000	1.5440308010031	0.39197284081218
9.1100000000000	1.5415475435982	0.39358656280796
9.1200000000000	1.5390658728029	0.39517779233026
9.1300000000000	1.5365860173704	0.39674666344554
9.1400000000000	1.5341082033031	0.39829331212000
9.1500000000000	1.5316326538531	0.39981787616910
9.1600000000000	1.5291595895234	0.40132049520773
9.1700000000000	1.5266892280702	0.40280131060093
9.1800000000000	1.5242217845050	0.40426046541534
9.1900000000000	1.5217574710992	0.40569810437119
9.2000000000000	1.5192964973876	0.40711437379502
9.2100000000000	1.5168390701741	0.40850942157300
9.2200000000000	1.5143853935371	0.40988339710496
9.2300000000000	1.5119356688363	0.41123645125907
9.2400000000000	1.5094900947197	0.41256873632719
9.2500000000000	1.5070488671314	0.41388040598090
9.2600000000000	1.5046121793202	0.41517161522825
9.2700000000000	1.5021802218483	0.41644252037116
9.2800000000000	1.4997531826015	0.41769327896354
9.2900000000000	1.4973312467987	0.41892404977009
9.3000000000000	1.4949145970030	0.42013499272582
9.3100000000000	1.4925034131330	0.42132626889629
9.3200000000000	1.4900978724743	0.42249804043849
9.3300000000000	1.4876981496919	0.42365047056249
9.3400000000000	1.4853044168426	0.42478372349378
9.3500000000000	1.4829168433886	0.42589796443632
9.3600000000000	1.4805355962106	0.42699335953630
9.3700000000000	1.4781608396218	0.42807007584657
9.3800000000000	1.4757927353825	0.42912828129187
9.3900000000000	1.4734314427144	0.43016814463469
9.4000000000000	1.4710771183159	0.43118983544184
9.4100000000000	1.4687299163774	0.43219352405177
9.4200000000000	1.4663899885969	0.43317938154258
9.4300000000000	1.4640574841960	0.43414757970071
9.4400000000000	1.4617325499360	0.43509829099032
9.4500000000000	1.4594153301348	0.43603168852343
9.4600000000000	1.4571059666831	0.43694794603068
9.4700000000000	1.4548045990618	0.43784723783285
9.4800000000000	1.4525113643589	0.43872973881298
9.4900000000000	1.4502263972869	0.43959562438925
9.5000000000000	1.4479498302005	0.44044507048853
9.5100000000000	1.4456817931142	0.44127825352057
9.5200000000000	1.4434224137201	0.44209535035286
9.5300000000000	1.4411718174059	0.44289653828620
9.5400000000000	1.4389301272730	0.44368199503093
9.5500000000000	1.4366974641550	0.44445189868372
9.5600000000000	1.4344739466356	0.44520642770515
9.5700000000000	1.4322596910668	0.44594576089784
9.5800000000000	1.4300548115882	0.44667007738526
9.5900000000000	1.4278594201446	0.44737955659115
9.6000000000000	1.4256736265050	0.44807437821959
9.6100000000000	1.4234975382808	0.44875472223570
9.6200000000000	1.4213312609450	0.44942076884691
9.6300000000000	1.4191748978498	0.45007269848490
9.6400000000000	1.4170285502462	0.45071069178810
9.6500000000000	1.4148923173017	0.45133492958482
9.6600000000000	1.4127662961192	0.45194559287695
9.6700000000000	1.4106505817553	0.45254286282421
9.6800000000000	1.4085452672389	0.45312692072909
9.6900000000000	1.4064504435891	0.45369794802224
9.7000000000000	1.4043661998339	0.45425612624846
9.7100000000000	1.4022926230282	0.45480163705332
9.7200000000000	1.4002297982716	0.45533466217018
9.7300000000000	1.3981778087268	0.45585538340794
9.7400000000000	1.3961367356370	0.45636398263914
9.7500000000000	1.3941066583438	0.45686064178875
9.7600000000000	1.3920876543050	0.45734554282334
9.7700000000000	1.3900797991116	0.45781886774089
9.7800000000000	1.3880831665052	0.45828079856100
9.7900000000000	1.3860978283953	0.45873151731570
9.8000000000000	1.3841238548761	0.45917120604065
9.8100000000000	1.3821613142431	0.45960004676689
9.8200000000000	1.3802102730099	0.46001822151307
9.8300000000000	1.3782707959246	0.46042591227811
9.8400000000000	1.3763429459857	0.46082330103436
9.8500000000000	1.3744267844584	0.46121056972117
9.8600000000000	1.3725223708901	0.46158790023897
9.8700000000000	1.3706297631258	0.46195547444372
9.8800000000000	1.3687490173240	0.46231347414187
9.8900000000000	1.3668801879709	0.46266208108565
9.9000000000000	1.3650233278959	0.46300147696887
9.9100000000000	1.3631784882859	0.46333184342306
9.9200000000000	1.3613457186994	0.46365336201406
9.9300000000000	1.3595250670809	0.46396621423898
9.9400000000000	1.3577165797744	0.46427058152355
9.9500000000000	1.3559203015368	0.46456664521982
9.9600000000000	1.3541362755516	0.46485458660434
9.9700000000000	1.3523645434412	0.46513458687654
9.9800000000000	1.3506051452798	0.46540682715760
9.9900000000000	1.3488581196058	0.46567148848963
10.000000000000	1.3471235034338	0.46592875183515
10.010000000000	1.3454013322659	0.46617879807697
10.020000000000	1.3436916401036	0.46642180801837
10.030000000000	1.3419944594588	0.46665796238356
10.040000000000	1.3403098213641	0.46688744181851
10.050000000000	1.3386377553837	0.46711042689207
10.060000000000	1.3369782896233	0.46732709809737
10.070000000000	1.3353314507395	0.46753763585352
10.080000000000	1.3336972639499	0.46774222050757
10.090000000000	1.3320757530414	0.46794103233681
10.100000000000	1.3304669403794	0.46813425155123
10.110000000000	1.3288708469157	0.46832205829636
10.120000000000	1.3272874921967	0.46850463265627
10.130000000000	1.3257168943709	0.46868215465686
10.140000000000	1.3241590701964	0.46885480426937
10.150000000000	1.3226140350471	0.46902276141412
10.160000000000	1.3210818029197	0.46918620596448
10.170000000000	1.3195623864395	0.46934531775108
10.180000000000	1.3180557968661	0.46950027656614
10.190000000000	1.3165620440987	0.46965126216809
10.200000000000	1.3150811366811	0.46979845428638
10.210000000000	1.3136130818059	0.46994203262639
10.220000000000	1.3121578853187	0.47008217687459
10.230000000000	1.3107155517219	0.47021906670386
10.240000000000	1.3092860841776	0.47035288177896
10.250000000000	1.3078694845106	0.47048380176215
10.260000000000	1.3064657532108	0.47061200631896
10.270000000000	1.3050748894353	0.47073767512407
10.280000000000	1.3036968910095	0.47086098786742
10.290000000000	1.3023317544286	0.47098212426031
10.300000000000	1.3009794748581	0.47110126404168
10.310000000000	1.2996400461339	0.47121858698452
10.320000000000	1.2983134607623	0.47133427290234
10.330000000000	1.2969997099192	0.47144850165573
10.340000000000	1.2956987834487	0.47156145315900
10.350000000000	1.2944106698619	0.47167330738695
10.360000000000	1.2931353563345	0.47178424438163
10.370000000000	1.2918728287047	0.47189444425918
10.380000000000	1.2906230714695	0.47200408721675
10.390000000000	1.2893860677818	0.47211335353941
10.400000000000	1.2881617994463	0.47222242360716
10.410000000000	1.2869502469148	0.47233147790187
10.420000000000	1.2857513892815	0.47244069701431
10.430000000000	1.2845652042777	0.47255026165115
10.440000000000	1.2833916682653	0.47266035264196
10.450000000000	1.2822307562313	0.47277115094622
10.460000000000	1.2810824417799	0.47288283766024
10.470000000000	1.2799466971257	0.47299559402414
10.480000000000	1.2788234930857	0.47310960142870
10.490000000000	1.2777127990704	0.47322504142222
10.500000000000	1.2766145830756	0.47334209571729
10.510000000000	1.2755288116722	0.47346094619747
10.520000000000	1.2744554499965	0.47358177492393
10.530000000000	1.2733944617395	0.47370476414198
10.540000000000	1.2723458091362	0.47383009628747
10.550000000000	1.2713094529536	0.47395795399311
10.560000000000	1.2702853524785	0.47408852009463
10.570000000000	1.2692734655052	0.47422197763685
10.580000000000	1.2682737483221	0.47435850987957
10.590000000000	1.2672861556975	0.47449830030327
10.600000000000	1.2663106408659	0.47464153261472
10.610000000000	1.2653471555128	0.47478839075232
10.620000000000	1.2643956497590	0.47493905889132
10.630000000000	1.2634560721449	0.47509372144874
10.640000000000	1.2625283696140	0.47525256308820
10.650000000000	1.2616124874953	0.47541576872435
10.660000000000	1.2607083694859	0.47558352352720
10.670000000000	1.2598159576326	0.47575601292611
10.680000000000	1.2589351923130	0.47593342261353
10.690000000000	1.2580660122160	0.47611593854842
10.700000000000	1.2572083543219	0.47630374695944
10.710000000000	1.2563621538813	0.47649703434773
10.720000000000	1.2555273443945	0.47669598748942
10.730000000000	1.2547038575892	0.47690079343775
10.740000000000	1.2538916233981	0.47711163952490
10.750000000000	1.2530905699364	0.47732871336332
10.760000000000	1.2523006234773	0.47755220284679
10.770000000000	1.2515217084285	0.47778229615099
10.780000000000	1.2507537473071	0.47801918173366
10.790000000000	1.2499966607141	0.47826304833431
10.800000000000	1.2492503673088	0.47851408497347
10.810000000000	1.2485147837813	0.47877248095149
10.820000000000	1.2477898248263	0.47903842584676
10.830000000000	1.2470754031143	0.47931210951351
10.840000000000	1.2463714292638	0.47959372207897
10.850000000000	1.2456778118120	0.47988345394006
10.860000000000	1.2449944571851	0.48018149575948
10.870000000000	1.2443212696679	0.48048803846113
10.880000000000	1.2436581513733	0.48080327322502
10.890000000000	1.2430050022102	0.48112739148149
10.900000000000	1.2423617198522	0.48146058490474
10.910000000000	1.2417281997040	0.48180304540575
10.920000000000	1.2411043348689	0.48215496512440
10.930000000000	1.2404900161143	0.48251653642096
10.940000000000	1.2398851318376	0.48288795186676
10.950000000000	1.2392895680310	0.48326940423412
10.960000000000	1.2387032082455	0.48366108648545
10.970000000000	1.2381259335554	0.48406319176158
10.980000000000	1.2375576225207	0.48447591336916
10.990000000000	1.2369981511501	0.48489944476729
11.000000000000	1.2364473928630	0.48533397955315
11.010000000000	1.2359052184508	0.48577971144676
11.020000000000	1.2353714960380	0.48623683427478
11.030000000000	1.2348460910425	0.48670554195332
11.040000000000	1.2343288661354	0.48718602846975
11.050000000000	1.2338196812004	0.48767848786347
11.060000000000	1.2333183932924	0.48818311420560
11.070000000000	1.2328248565960	0.48870010157761
11.080000000000	1.2323389223832	0.48922964404882
11.090000000000	1.2318604389708	0.48977193565269
11.100000000000	1.2313892516768	0.49032717036201
11.110000000000	1.2309252027773	0.49089554206282
11.120000000000	1.2304681314622	0.49147724452712
11.130000000000	1.2300178737906	0.49207247138424
11.140000000000	1.2295742626462	0.49268141609098
11.150000000000	1.2291371276914	0.49330427190038
11.160000000000	1.2287062953224	0.49394123182907
11.170000000000	1.2282815886224	0.49459248862325
11.180000000000	1.2278628273157	0.49525823472327
11.190000000000	1.2274498277207	0.49593866222663
11.200000000000	1.2270424027034	0.49663396284960
11.210000000000	1.2266403616294	0.49734432788714
11.220000000000	1.2262435103171	0.49806994817141
11.230000000000	1.2258516509893	0.49881101402852
11.240000000000	1.2254645822262	0.49956771523373
11.250000000000	1.2250820989162	0.50034024096490
11.260000000000	1.2247039922088	0.50112877975428
11.270000000000	1.2243300494656	0.50193351943845
11.280000000000	1.2239600542119	0.50275464710660
11.290000000000	1.2235937860889	0.50359234904683
11.300000000000	1.2232310208048	0.50444681069073
11.310000000000	1.2228715300867	0.50531821655591
11.320000000000	1.2225150816321	0.50620675018676
11.330000000000	1.2221614390611	0.50711259409308
11.340000000000	1.2218103618683	0.50803592968678
11.350000000000	1.2214616053749	0.50897693721654
11.360000000000	1.2211149206817	0.50993579570034
11.370000000000	1.2207700546211	0.51091268285593
11.380000000000	1.2204267497112	0.51190777502908
11.390000000000	1.2200847441089	0.51292124711975
11.400000000000	1.2197437715641	0.51395327250586
11.410000000000	1.2194035613741	0.51500402296503
11.420000000000	1.2190638383393	0.51607366859383
11.430000000000	1.2187243227183	0.51716237772484
11.440000000000	1.2183847301853	0.51827031684130
11.450000000000	1.2180447717865	0.51939765048935
11.460000000000	1.2177041538989	0.52054454118795
11.470000000000	1.2173625781892	0.52171114933625
11.480000000000	1.2170197415738	0.52289763311855
11.490000000000	1.2166753361797	0.52410414840672
11.500000000000	1.2163290493071	0.52533084866014
11.510000000000	1.2159805633927	0.52657788482307
11.520000000000	1.2156295559742	0.52784540521939
11.530000000000	1.2152756996568	0.52913355544483
11.540000000000	1.2149186620805	0.53044247825655
11.550000000000	1.2145581058894	0.53177231346004
11.560000000000	1.2141936887022	0.53312319779345
11.570000000000	1.2138250630852	0.53449526480918
11.580000000000	1.2134518765260	0.53588864475281
11.590000000000	1.2130737714104	0.53730346443938
11.600000000000	1.2126903850003	0.53873984712693
11.610000000000	1.2123013494142	0.54019791238731
11.620000000000	1.2119062916101	0.54167777597438
11.630000000000	1.2115048333703	0.54317954968938
11.640000000000	1.2110965912891	0.54470334124371
11.650000000000	1.2106811767627	0.54624925411892
11.660000000000	1.2102581959822	0.54781738742406
11.670000000000	1.2098272499291	0.54940783575034
11.680000000000	1.2093879343735	0.55102068902312
11.690000000000	1.2089398398763	0.55265603235129
11.700000000000	1.2084825517935	0.55431394587396
11.710000000000	1.2080156502845	0.55599450460466
11.720000000000	1.2075387103234	0.55769777827288
11.730000000000	1.2070513017144	0.55942383116316
11.740000000000	1.2065529891103	0.56117272195163
11.750000000000	1.2060433320353	0.56294450354020
11.760000000000	1.2055218849113	0.56473922288825
11.770000000000	1.2049881970891	0.56655692084209
11.780000000000	1.2044418128832	0.56839763196210
11.790000000000	1.2038822716108	0.57026138434762
11.800000000000	1.2033091076362	0.57214819945982
11.810000000000	1.2027218504192	0.57405809194239
11.820000000000	1.2021200245685	0.57599106944030
11.830000000000	1.2015031499001	0.57794713241675
11.840000000000	1.2008707415008	0.57992627396817
11.850000000000	1.2002223097972	0.58192847963767
11.860000000000	1.1995573606293	0.58395372722688
11.870000000000	1.1988753953311	0.58600198660626
11.880000000000	1.1981759108152	0.58807321952415
11.890000000000	1.1974583996646	0.59016737941458
11.900000000000	1.1967223502300	0.59228441120396
11.910000000000	1.1959672467329	0.59442425111695
11.920000000000	1.1951925693755	0.59658682648143
11.930000000000	1.1943977944567	0.59877205553291
11.940000000000	1.1935823944950	0.60097984721854
11.950000000000	1.1927458383574	0.60321010100073
11.960000000000	1.1918875913962	0.60546270666075
11.970000000000	1.1910071155914	0.60773754410247
11.980000000000	1.1901038697014	0.61003448315632
11.990000000000	1.1891773094202	0.61235338338377
12.000000000000	1.1882268875421	0.61469409388261
12.010000000000	1.1872520541338	0.61705645309309
12.020000000000	1.1862522567141	0.61944028860530
12.030000000000	1.1852269404412	0.62184541696798
12.040000000000	1.1841755483077	0.62427164349895
12.050000000000	1.1830975213435	0.62671876209753
12.060000000000	1.1819922988263	0.62918655505917
12.070000000000	1.1808593185007	0.63167479289249
12.080000000000	1.1796980168047	0.63418323413914
12.090000000000	1.1785078291047	0.63671162519672
12.100000000000	1.1772881899384	0.63925970014500
12.110000000000	1.1760385332665	0.64182718057581
12.120000000000	1.1747582927313	0.64441377542697
12.130000000000	1.1734469019252	0.64701918082039
12.140000000000	1.1721037946663	0.64964307990494
12.150000000000	1.1707284052827	0.65228514270414
12.160000000000	1.1693201689051	0.65494502596923
12.170000000000	1.1678785217670	0.65762237303790
12.180000000000	1.1664029015141	0.66031681369894
12.190000000000	1.1648927475211	0.66302796406334
12.200000000000	1.1633475012168	0.66575542644205
12.210000000000	1.1617666064167	0.66849878923091
12.220000000000	1.1601495096645	0.67125762680293
12.230000000000	1.1584956605803	0.67403149940851
12.240000000000	1.1568045122173	0.67681995308385
12.250000000000	1.1550755214251	0.67962251956794
12.260000000000	1.1533081492212	0.68243871622858
12.270000000000	1.1515018611692	0.68526804599768
12.280000000000	1.1496561277640	0.68810999731641
12.290000000000	1.1477704248240	0.69096404409041
12.300000000000	1.1458442338891	0.69382964565555
12.310000000000	1.1438770426260	0.69670624675456
12.320000000000	1.1418683452387	0.69959327752495
12.330000000000	1.1398176428851	0.70249015349851
12.340000000000	1.1377244440988	0.70539627561293
12.350000000000	1.1355882652160	0.70831103023570
12.360000000000	1.1334086308072	0.71123378920072
12.370000000000	1.1311850741134	0.71416390985809
12.380000000000	1.1289171374857	0.71710073513718
12.390000000000	1.1266043728293	0.72004359362354
12.400000000000	1.1242463420499	0.72299179964982
12.410000000000	1.1218426175031	0.72594465340105
12.420000000000	1.1193927824462	0.72890144103464
12.430000000000	1.1168964314915	0.73186143481519
12.440000000000	1.1143531710609	0.73482389326468
12.450000000000	1.1117626198411	0.73778806132794
12.460000000000	1.1091244092393	0.74075317055390
12.470000000000	1.1064381838384	0.74371843929275
12.480000000000	1.1037036018511	0.74668307290906
12.490000000000	1.1009203355725	0.74964626401132
12.500000000000	1.0980880718308	0.75260719269780
12.510000000000	1.0952065124350	0.75556502681893
12.520000000000	1.0922753746195	0.75851892225640
12.530000000000	1.0892943914841	0.76146802321891
12.540000000000	1.0862633124299	0.76441146255468
12.550000000000	1.0831819035898	0.76734836208090
12.560000000000	1.0800499482524	0.77027783292975
12.570000000000	1.0768672472796	0.77319897591139
12.580000000000	1.0736336195171	0.77611088189358
12.590000000000	1.0703489021957	0.77901263219787
12.600000000000	1.0670129513253	0.78190329901238
12.610000000000	1.0636256420776	0.78478194582084
12.620000000000	1.0601868691603	0.78764762784788
12.630000000000	1.0566965471786	0.79049939252014
12.640000000000	1.0531546109868	0.79333627994323
12.650000000000	1.0495610160257	0.79615732339391
12.660000000000	1.0459157386485	0.79896154982753
12.670000000000	1.0422187764319	0.80174798040011
12.680000000000	1.0384701484728	0.80451563100480
12.690000000000	1.0346698956705	0.80726351282221
12.700000000000	1.0308180809921	0.80999063288434
