freq	epsilon_Re	epsilon_Im
2.7000000000000	-6.4742266422545	4.7522897125818
2.7100000000000	-6.3904439428889	4.8265734603534
2.7200000000000	-6.3082450267826	4.8997733028457
2.7300000000000	-6.2276070337417	4.9719020086146
2.7400000000000	-6.1485075600157	5.0429720936182
2.7500000000000	-6.0709246450129	5.1129958176804
2.7600000000000	-5.9948367578903	5.1819851814402
2.7700000000000	-5.9202227840530	5.2499519237977
2.7800000000000	-5.8470620116043	5.3169075198630
2.7900000000000	-5.7753341177811	5.3828631794095
2.8000000000000	-5.7050191554113	5.4478298458326
2.8100000000000	-5.6360975394272	5.5118181956068
2.8200000000000	-5.5685500334660	5.5748386382370
2.8300000000000	-5.5023577365902	5.6369013166908
2.8400000000000	-5.4375020701536	5.6980161083037
2.8500000000000	-5.3739647648409	5.7581926261397
2.8600000000000	-5.3117278479043	5.8174402207940
2.8700000000000	-5.2507736306196	5.8757679826195
2.8800000000000	-5.1910846959809	5.9331847443613
2.8900000000000	-5.1326438866521	5.9896990841766
2.9000000000000	-5.0754342931915	6.0453193290256
2.9100000000000	-5.0194392425620	6.1000535584090
2.9200000000000	-4.9646422869403	6.1539096084360
2.9300000000000	-4.9110271928347	6.2068950761997
2.9400000000000	-4.8585779305202	6.2590173244423
2.9500000000000	-4.8072786637980	6.3102834864898
2.9600000000000	-4.7571137400857	6.3607004714363
2.9700000000000	-4.7080676808428	6.4102749695596
2.9800000000000	-4.6601251723332	6.4590134579496
2.9900000000000	-4.6132710567303	6.5069222063311
3.0000000000000	-4.5674903235626	6.5540072830642
3.0100000000000	-4.5227681015032	6.6002745613045
3.0200000000000	-4.4790896505010	6.6457297253086
3.0300000000000	-4.4364403542547	6.6903782768662
3.0400000000000	-4.3948057130261	6.7342255418470
3.0500000000000	-4.3541713367927	6.7772766768452
3.0600000000000	-4.3145229387362	6.8195366759088
3.0700000000000	-4.2758463290636	6.8610103773404
3.0800000000000	-4.2381274091601	6.9017024705550
3.0900000000000	-4.2013521660670	6.9416175029844
3.1000000000000	-4.1655066672838	6.9807598870140
3.1100000000000	-4.1305770558892	7.0191339069422
3.1200000000000	-4.0965495459767	7.0567437259501
3.1300000000000	-4.0634104184015	7.0935933930707
3.1400000000000	-4.0311460168324	7.1296868501479
3.1500000000000	-3.9997427441063	7.1650279387745
3.1600000000000	-3.9691870588781	7.1996204071998
3.1700000000000	-3.9394654725625	7.2334679171971
3.1800000000000	-3.9105645465624	7.2665740508828
3.1900000000000	-3.8824708897779	7.2989423174765
3.2000000000000	-3.8551711563907	7.3305761599958
3.2100000000000	-3.8286520439191	7.3614789618758
3.2200000000000	-3.8029002915368	7.3916540535056
3.2300000000000	-3.7779026786506	7.4211047186752
3.2400000000000	-3.7536460237299	7.4498342009232
3.2500000000000	-3.7301171833835	7.4778457097800
3.2600000000000	-3.7073030516754	7.5051424268982
3.2700000000000	-3.6851905596754	7.5317275120642
3.2800000000000	-3.6637666752363	7.5576041090838
3.2900000000000	-3.6430184029913	7.5827753515357
3.3000000000000	-3.6229327845663	7.6072443683877
3.3100000000000	-3.6034968989974	7.6310142894684
3.3200000000000	-3.5846978633496	7.6540882507894
3.3300000000000	-3.5665228335272	7.6764693997140
3.3400000000000	-3.5489590052692	7.6981608999649
3.3500000000000	-3.5319936153235	7.7191659364691
3.3600000000000	-3.5156139427901	7.7394877200320
3.3700000000000	-3.4998073106276	7.7591294918411
3.3800000000000	-3.4845610873146	7.7780945277905
3.3900000000000	-3.4698626886577	7.7963861426266
3.4000000000000	-3.4556995797381	7.8140076939094
3.4100000000000	-3.4420592769909	7.8309625857874
3.4200000000000	-3.4289293504051	7.8472542725828
3.4300000000000	-3.4162974258406	7.8628862621852
3.4400000000000	-3.4041511874503	7.8778621192516
3.4500000000000	-3.3924783802020	7.8921854682107
3.4600000000000	-3.3812668124895	7.9058599960699
3.4700000000000	-3.3705043588270	7.9188894550245
3.4800000000000	-3.3601789626163	7.9312776648680
3.4900000000000	-3.3502786389808	7.9430285152026
3.5000000000000	-3.3407914776567	7.9541459674501
3.5100000000000	-3.3317056459335	7.9646340566639
3.5200000000000	-3.3230093916366	7.9744968931404
3.5300000000000	-3.3146910461434	7.9837386638339
3.5400000000000	-3.3067390274246	7.9923636335724
3.5500000000000	-3.2991418431040	8.0003761460785
3.5600000000000	-3.2918880935286	8.0077806247951
3.5700000000000	-3.2849664748413	8.0145815735190
3.5800000000000	-3.2783657820490	8.0207835768438
3.5900000000000	-3.2720749120790	8.0263913004142
3.6000000000000	-3.2660828668163	8.0314094909966
3.6100000000000	-3.2603787561151	8.0358429763647
3.6200000000000	-3.2549518007781	8.0396966650080
3.6300000000000	-3.2497913354959	8.0429755456630
3.6400000000000	-3.2448868117417	8.0456846866719
3.6500000000000	-3.2402278006138	8.0478292351737
3.6600000000000	-3.2358039956210	8.0494144161289
3.6700000000000	-3.2316052154043	8.0504455311844
3.6800000000000	-3.2276214063904	8.0509279573821
3.6900000000000	-3.2238426453704	8.0508671457151
3.7000000000000	-3.2202591420001	8.0502686195360
3.7100000000000	-3.2168612412164	8.0491379728228
3.7200000000000	-3.2136394255650	8.0474808683063
3.7300000000000	-3.2105843174353	8.0453030354640
3.7400000000000	-3.2076866811990	8.0426102683855
3.7500000000000	-3.2049374252480	8.0394084235139
3.7600000000000	-3.2023276039271	8.0357034172686
3.7700000000000	-3.1998484193607	8.0315012235540
3.7800000000000	-3.1974912231670	8.0268078711592
3.7900000000000	-3.1952475180600	8.0216294410534
3.8000000000000	-3.1931089593339	8.0159720635822
3.8100000000000	-3.1910673562290	8.0098419155689
3.8200000000000	-3.1891146731766	8.0032452173262
3.8300000000000	-3.1872430309200	7.9961882295823
3.8400000000000	-3.1854447075103	7.9886772503260
3.8500000000000	-3.1837121391746	7.9807186115753
3.8600000000000	-3.1820379210562	7.9723186760737
3.8700000000000	-3.1804148078230	7.9634838339172
3.8800000000000	-3.1788357141448	7.9542204991175
3.8900000000000	-3.1772937150371	7.9445351061034
3.9000000000000	-3.1757820460697	7.9344341061639
3.9100000000000	-3.1742941034392	7.9239239638376
3.9200000000000	-3.1728234439045	7.9130111532486
3.9300000000000	-3.1713637845827	7.9017021543943
3.9400000000000	-3.1699090026050	7.8900034493840
3.9500000000000	-3.1684531346299	7.8779215186335
3.9600000000000	-3.1669903762129	7.8654628370148
3.9700000000000	-3.1655150810301	7.8526338699625
3.9800000000000	-3.1640217599528	7.8394410695387
3.9900000000000	-3.1625050799714	7.8258908704550
4.0000000000000	-3.1609598629649	7.8119896860532
4.0100000000000	-3.1593810843116	7.7977439042425
4.0200000000000	-3.1577638713383	7.7831598833930
4.0300000000000	-3.1561035016011	7.7682439481847
4.0400000000000	-3.1543954009932	7.7530023854084
4.0500000000000	-3.1526351416723	7.7374414397165
4.0600000000000	-3.1508184398002	7.7215673093220
4.0700000000000	-3.1489411530840	7.7053861416405
4.0800000000000	-3.1469992781099	7.6889040288715
4.0900000000000	-3.1449889474562	7.6721270035155
4.1000000000000	-3.1429064265711	7.6550610338212
4.1100000000000	-3.1407481103998	7.6377120191569
4.1200000000000	-3.1385105197406	7.6200857853017
4.1300000000000	-3.1361902973093	7.6021880796496
4.1400000000000	-3.1337842034865	7.5840245663201
4.1500000000000	-3.1312891117191	7.5656008211707
4.1600000000000	-3.1287020035430	7.5469223267024
4.1700000000000	-3.1260199631904	7.5279944668562
4.1800000000000	-3.1232401717373	7.5088225216916
4.1900000000000	-3.1203599007440	7.4894116619470
4.2000000000000	-3.1173765053309	7.4697669434772
4.2100000000000	-3.1142874166282	7.4498933015675
4.2200000000000	-3.1110901335242	7.4297955451301
4.2300000000000	-3.1077822136328	7.4094783507851
4.2400000000000	-3.1043612633839	7.3889462568410
4.2500000000000	-3.1008249271317	7.3682036571915
4.2600000000000	-3.0971708751598	7.3472547951535
4.2700000000000	-3.0933967904462	7.3261037572863
4.2800000000000	-3.0895003540336	7.3047544672379
4.2900000000000	-3.0854792288311	7.2832106796896
4.3000000000000	-3.0813310416483	7.2614759744811
4.3100000000000	-3.0770533632452	7.2395537510352
4.3200000000000	-3.0726436861458	7.2174472232227
4.3300000000000	-3.0680993999436	7.1951594148558
4.3400000000000	-3.0634177637910	7.1726931560440
4.3500000000000	-3.0585958757360	7.1500510807079
4.3600000000000	-3.0536306385372	7.1272356256193
4.3700000000000	-3.0485187215569	7.1042490314311
4.3800000000000	-3.0432565183062	7.0810933462658
4.3900000000000	-3.0378400991895	7.0577704325720
4.4000000000000	-3.0322651589904	7.0342819781176
4.4100000000000	-3.0265269586374	7.0106295121879
4.4200000000000	-3.0206202608183	6.9868144282904
4.4300000000000	-3.0145392590715	6.9628380149523
4.4400000000000	-3.0082775000847	6.9387014965201
4.4500000000000	-3.0018277991103	6.9144060862663
4.4600000000000	-2.9951821486609	6.8899530545400
4.4700000000000	-2.9883316210305	6.8653438152128
4.4800000000000	-2.9812662657255	6.8405800342111
4.4900000000000	-2.9739750036297	6.8156637645286
4.5000000000000	-2.9664455207291	6.7905976127051
4.5100000000000	-2.9586641655675	6.7653849423178
4.5200000000000	-2.9506158563257	6.7400301204811
4.5300000000000	-2.9422840056549	6.7145388135557
4.5400000000000	-2.9336504741647	6.6889183380842
4.5500000000000	-2.9246955668414	6.6631780721492
4.5600000000000	-2.9153980906700	6.6373299305821
4.5700000000000	-2.9057354962073	6.6113889043353
4.5800000000000	-2.8956841306346	6.5853736593707
4.5900000000000	-2.8852196343801	6.5593071830793
4.6000000000000	-2.8743175170000	6.5332174559536
4.6100000000000	-2.8629539494585	6.5071381125900
4.6200000000000	-2.8511068075333	6.4811090389637
4.6300000000000	-2.8387569927150	6.4551768328545
4.6400000000000	-2.8258900400751	6.4293950328144
4.6500000000000	-2.8124979947826	6.4038240011768
4.6600000000000	-2.7985814984923	6.3785303330906
4.6700000000000	-2.7841519739162	6.3535856630860
4.6800000000000	-2.7692337339794	6.3290647611843
4.6900000000000	-2.7538657791293	6.3050428596796
4.7000000000000	-2.7381029960557	6.2815922342036
4.7100000000000	-2.7220164511202	6.2587781766565
4.7200000000000	-2.7056925011205	6.2366546312353
4.7300000000000	-2.6892305365454	6.2152598946201
4.7400000000000	-2.6727393296751	6.1946128745430
4.7500000000000	-2.6563321644138	6.1747104228910
4.7600000000000	-2.6401211393936	6.1555261854970
4.7700000000000	-2.6242112105129	6.1370112383155
4.7800000000000	-2.6086946250351	6.1190965348245
4.7900000000000	-2.5936463671347	6.1016969232911
4.8000000000000	-2.5791210862020	6.0847162662104
4.8100000000000	-2.5651517488615	6.0680530592830
4.8200000000000	-2.5517499990923	6.0516059286660
4.8300000000000	-2.5389079858385	6.0352784750713
4.8400000000000	-2.5266012660086	6.0189830973579
4.8500000000000	-2.5147923294120	6.0026436202903
4.8600000000000	-2.5034343129259	5.9861967285039
4.8700000000000	-2.4924745497118	5.9695923427820
4.8800000000000	-2.4818577060044	5.9527931542984
4.8900000000000	-2.4715283667278	5.9357735607854
4.9000000000000	-2.4614330242672	5.9185182376652
4.9100000000000	-2.4515214935356	5.9010205419747
4.9200000000000	-2.4417478198491	5.8832809009768
4.9300000000000	-2.4320707675530	5.8653052907838
4.9400000000000	-2.4224539822827	5.8471038692980
4.9500000000000	-2.4128659139532	5.8286897951432
4.9600000000000	-2.4032795758618	5.8100782404970
4.9700000000000	-2.3936722012730	5.7912855899463
4.9800000000000	-2.3840248449087	5.7723288081446
4.9900000000000	-2.3743219642134	5.7532249544997
5.0000000000000	-2.3645510047363	5.7339908218761
5.0100000000000	-2.3547020055929	5.7146426771468
5.0200000000000	-2.3447672345806	5.6951960834656
5.0300000000000	-2.3347408578599	5.6756657867217
5.0400000000000	-2.3246186458408	5.6560656513586
5.0500000000000	-2.3143977147314	5.6364086333492
5.0600000000000	-2.3040763018318	5.6167067804669
5.0700000000000	-2.2936535718784	5.5969712520404
5.0800000000000	-2.2831294513716	5.5772123520917
5.0900000000000	-2.2725044877299	5.5574395711810
5.1000000000000	-2.2617797302008	5.5376616334213
5.1100000000000	-2.2509566296527	5.5178865460402
5.1200000000000	-2.2400369546212	5.4981216495790
5.1300000000000	-2.2290227212614	5.4783736673778
5.1400000000000	-2.2179161351304	5.4586487534142
5.1500000000000	-2.2067195429901	5.4389525378899
5.1600000000000	-2.1954353930634	5.4192901701950
5.1700000000000	-2.1840662023996	5.3996663590587
5.1800000000000	-2.1726145301998	5.3800854098200
5.1900000000000	-2.1610829561253	5.3605512588448
5.2000000000000	-2.1494740627637	5.3410675051739
5.2100000000000	-2.1377904215529	5.3216374395299
5.2200000000000	-2.1260345815772	5.3022640708335
5.2300000000000	-2.1142090607425	5.2829501503950
5.2400000000000	-2.1023163389159	5.2636981939488
5.2500000000000	-2.0903588526850	5.2445105017010
5.2600000000000	-2.0783389914483	5.2253891765542
5.2700000000000	-2.0662590945952	5.2063361406650
5.2800000000000	-2.0541214495751	5.1873531504828
5.2900000000000	-2.0419282906901	5.1684418104076
5.3000000000000	-2.0296817984698	5.1496035851935
5.3100000000000	-2.0173840995175	5.1308398112177
5.3200000000000	-2.0050372667284	5.1121517067189
5.3300000000000	-1.9926433198046	5.0935403811077
5.3400000000000	-1.9802042260000	5.0750068434342
5.3500000000000	-1.9677219010425	5.0565520100969
5.3600000000000	-1.9551982101898	5.0381767118642
5.3700000000000	-1.9426349693820	5.0198817002764
5.3800000000000	-1.9300339464639	5.0016676534862
5.3900000000000	-1.9173968624499	4.9835351815938
5.4000000000000	-1.9047253928161	4.9654848315234
5.4100000000000	-1.8920211688010	4.9475170914858
5.4200000000000	-1.8792857787044	4.9296323950665
5.4300000000000	-1.8665207691740	4.9118311249744
5.4400000000000	-1.8537276464731	4.8941136164837
5.4500000000000	-1.8409078777215	4.8764801605967
5.4600000000000	-1.8280628921079	4.8589310069551
5.4700000000000	-1.8151940820687	4.8414663665206
5.4800000000000	-1.8023028044315	4.8240864140486
5.4900000000000	-1.7893903815226	4.8067912903719
5.5000000000000	-1.7764581022358	4.7895811045120
5.5100000000000	-1.7635072230651	4.7724559356339
5.5200000000000	-1.7505389690980	4.7554158348575
5.5300000000000	-1.7375545349730	4.7384608269387
5.5400000000000	-1.7245550857993	4.7215909118312
5.5500000000000	-1.7115417580416	4.7048060661395
5.5600000000000	-1.6985156603698	4.6881062444717
5.5700000000000	-1.6854778744748	4.6714913807016
5.5800000000000	-1.6724294558522	4.6549613891466
5.5900000000000	-1.6593714345548	4.6385161656688
5.6000000000000	-1.6463048159141	4.6221555887055
5.6100000000000	-1.6332305812341	4.6058795202345
5.6200000000000	-1.6201496884572	4.5896878066799
5.6300000000000	-1.6070630728029	4.5735802797625
5.6400000000000	-1.5939716473825	4.5575567572990
5.6500000000000	-1.5808763037891	4.5416170439547
5.6600000000000	-1.5677779126648	4.5257609319523
5.6700000000000	-1.5546773242461	4.5099882017404
5.6800000000000	-1.5415753688885	4.4942986226248
5.6900000000000	-1.5284728575716	4.4786919533651
5.7000000000000	-1.5153705823849	4.4631679427386
5.7100000000000	-1.5022693169963	4.4477263300750
5.7200000000000	-1.4891698171028	4.4323668457626
5.7300000000000	-1.4760728208661	4.4170892117288
5.7400000000000	-1.4629790493319	4.4018931418960
5.7500000000000	-1.4498892068347	4.3867783426149
5.7600000000000	-1.4368039813893	4.3717445130769
5.7700000000000	-1.4237240450682	4.3567913457060
5.7800000000000	-1.4106500543671	4.3419185265325
5.7900000000000	-1.3975826505581	4.3271257355491
5.8000000000000	-1.3845224600310	4.3124126470504
5.8100000000000	-1.3714700946252	4.2977789299571
5.8200000000000	-1.3584261519490	4.2832242481256
5.8300000000000	-1.3453912156912	4.2687482606438
5.8400000000000	-1.3323658559219	4.2543506221139
5.8500000000000	-1.3193506293849	4.2400309829230
5.8600000000000	-1.3063460797810	4.2257889895025
5.8700000000000	-1.2933527380438	4.2116242845756
5.8800000000000	-1.2803711226071	4.1975365073956
5.8900000000000	-1.2674017396651	4.1835252939735
5.9000000000000	-1.2544450834251	4.1695902772965
5.9100000000000	-1.2415016363537	4.1557310875379
5.9200000000000	-1.2285718694166	4.1419473522581
5.9300000000000	-1.2156562423111	4.1282386965978
5.9400000000000	-1.2027552036938	4.1146047434640
5.9500000000000	-1.1898691914019	4.1010451137075
5.9600000000000	-1.1769986326687	4.0875594262949
5.9700000000000	-1.1641439443343	4.0741472984730
5.9800000000000	-1.1513055330508	4.0608083459271
5.9900000000000	-1.1384837954828	4.0475421829334
6.0000000000000	-1.1256791185029	4.0343484225055
6.0100000000000	-1.1128918793827	4.0212266765350
6.0200000000000	-1.1001224459796	4.0081765559276
6.0300000000000	-1.0873711769191	3.9951976707331
6.0400000000000	-1.0746384217729	3.9822896302714
6.0500000000000	-1.0619245212335	3.9694520432532
6.0600000000000	-1.0492298072846	3.9566845178964
6.0700000000000	-1.0365546033677	3.9439866620382
6.0800000000000	-1.0238992245456	3.9313580832432
6.0900000000000	-1.0112639776621	3.9187983889067
6.1000000000000	-0.99864916149806	3.9063071863556
6.1100000000000	-0.98605506692521	3.8938840829438
6.1200000000000	-0.97348197705563	3.8815286861459
6.1300000000000	-0.96093016738899	3.8692406036455
6.1400000000000	-0.94839990595654	3.8570194434220
6.1500000000000	-0.93589145346221	3.8448648138330
6.1600000000000	-0.92340506342105	3.8327763236940
6.1700000000000	-0.91094098229485	3.8207535823553
6.1800000000000	-0.89849944962520	3.8087961997756
6.1900000000000	-0.88608069816395	3.7969037865931
6.2000000000000	-0.87368495400119	3.7850759541940
6.2100000000000	-0.86131243669084	3.7733123147782
6.2200000000000	-0.84896335937381	3.7616124814226
6.2300000000000	-0.83663792889894	3.7499760681417
6.2400000000000	-0.82433634594164	3.7384026899467
6.2500000000000	-0.81205880512039	3.7268919629009
6.2600000000000	-0.79980549511106	3.7154435041745
6.2700000000000	-0.78757659875922	3.7040569320961
6.2800000000000	-0.77537229319034	3.6927318662027
6.2900000000000	-0.76319274991810	3.6814679272876
6.3000000000000	-0.75103813495066	3.6702647374463
6.3100000000000	-0.73890860889517	3.6591219201205
6.3200000000000	-0.72680432706031	3.6480391001408
6.3300000000000	-0.71472543955708	3.6370159037667
6.3400000000000	-0.70267209139788	3.6260519587259
6.3500000000000	-0.69064442259372	3.6151468942511
6.3600000000000	-0.67864256824992	3.6043003411160
6.3700000000000	-0.66666665866000	3.5935119316694
6.3800000000000	-0.65471681939806	3.5827812998672
6.3900000000000	-0.64279317140948	3.5721080813044
6.4000000000000	-0.63089583110023	3.5614919132441
6.4100000000000	-0.61902491042444	3.5509324346465
6.4200000000000	-0.60718051697067	3.5404292861953
6.4300000000000	-0.59536275404663	3.5299821103241
6.4400000000000	-0.58357172076251	3.5195905512408
6.4500000000000	-0.57180751211286	3.5092542549506
6.4600000000000	-0.56007021905716	3.4989728692785
6.4700000000000	-0.54835992859898	3.4887460438905
6.4800000000000	-0.53667672386392	3.4785734303132
6.4900000000000	-0.52502068417608	3.4684546819527
6.5000000000000	-0.51339188513348	3.4583894541130
6.5100000000000	-0.50179039868204	3.4483774040122
6.5200000000000	-0.49021629318847	3.4384181907987
6.5300000000000	-0.47866963351189	3.4285114755664
6.5400000000000	-0.46715048107427	3.4186569213682
6.5500000000000	-0.45565889392979	3.4088541932297
6.5600000000000	-0.44419492683294	3.3991029581611
6.5700000000000	-0.43275863130563	3.3894028851689
6.5800000000000	-0.42135005570313	3.3797536452666
6.5900000000000	-0.40996924527897	3.3701549114844
6.6000000000000	-0.39861624224873	3.3606063588784
6.6100000000000	-0.38729108585291	3.3511076645392
6.6200000000000	-0.37599381241864	3.3416585075992
6.6300000000000	-0.36472445542048	3.3322585692398
6.6400000000000	-0.35348304554024	3.3229075326977
6.6500000000000	-0.34226961072576	3.3136050832707
6.6600000000000	-0.33108417624885	3.3043509083224
6.6700000000000	-0.31992676476218	3.2951446972868
6.6800000000000	-0.30879739635538	3.2859861416723
6.6900000000000	-0.29769608861010	3.2768749350645
6.7000000000000	-0.28662285665433	3.2678107731294
6.7100000000000	-0.27557771321574	3.2587933536152
6.7200000000000	-0.26456066867421	3.2498223763539
6.7300000000000	-0.25357173111353	3.2408975432629
6.7400000000000	-0.24261090637227	3.2320185583448
6.7500000000000	-0.23167819809378	3.2231851276883
6.7600000000000	-0.22077360777550	3.2143969594675
6.7700000000000	-0.20989713481740	3.2056537639413
6.7800000000000	-0.19904877656969	3.1969552534519
6.7900000000000	-0.18822852837973	3.1883011424236
6.8000000000000	-0.17743638363826	3.1796911473604
6.8100000000000	-0.16667233382481	3.1711249868437
6.8200000000000	-0.15593636855251	3.1626023815296
6.8300000000000	-0.14522847561205	3.1541230541455
6.8400000000000	-0.13454864101504	3.1456867294865
6.8500000000000	-0.12389684903666	3.1372931344120
6.8600000000000	-0.11327308225764	3.1289419978408
6.8700000000000	-0.10267732160556	3.1206330507470
6.8800000000000	-0.092109546395461	3.1123660261548
6.8900000000000	-0.081569734369956	3.1041406591336
6.9000000000000	-0.071057861738527	3.0959566867923
6.9100000000000	-0.060573903216321	3.0878138482736
6.9200000000000	-0.050117832062304	3.0797118847480
6.9300000000000	-0.039689620116800	3.0716505394074
6.9400000000000	-0.029289237838466	3.0636295574583
6.9500000000000	-0.018916654340644	3.0556486861155
6.9600000000000	-0.0085718374271916	3.0477076745945
6.9700000000000	0.0017452463723089	3.0398062741045
6.9800000000000	0.012034631767815	3.0319442378405
6.9900000000000	0.022296354674737	3.0241213209759
7.0000000000000	0.032530452180281	3.0163372806545
7.0100000000000	0.042736962510421	3.0085918759817
7.0200000000000	0.052915924997301	3.0008848680170
7.0300000000000	0.063067380047203	2.9932160197648
7.0400000000000	0.073191369109016	2.9855850961658
7.0500000000000	0.083287934643175	2.9779918640879
7.0600000000000	0.093357120091100	2.9704360923173
7.0700000000000	0.10339896984512	2.9629175515490
7.0800000000000	0.11341352921888	2.9554360143777
7.0900000000000	0.12340084441818	2.9479912552874
7.1000000000000	0.13336096251227	2.9405830506424
7.1100000000000	0.14329393140569	2.9332111786770
7.1200000000000	0.15319979981040	2.9258754194856
7.1300000000000	0.16307861721847	2.9185755550123
7.1400000000000	0.17293043387515	2.9113113690405
7.1500000000000	0.18275530075236	2.9040826471828
7.1600000000000	0.19255326952264	2.8968891768701
7.1700000000000	0.20232439253344	2.8897307473409
7.1800000000000	0.21206872278189	2.8826071496308
7.1900000000000	0.22178631388990	2.8755181765610
7.2000000000000	0.23147722007971	2.8684636227276
7.2100000000000	0.24114149614979	2.8614432844907
7.2200000000000	0.25077919745115	2.8544569599626
7.2300000000000	0.26039037986397	2.8475044489967
7.2400000000000	0.26997509977468	2.8405855531763
7.2500000000000	0.27953341405337	2.8337000758028
7.2600000000000	0.28906538003147	2.8268478218839
7.2700000000000	0.29857105547996	2.8200285981227
7.2800000000000	0.30805049858779	2.8132422129048
7.2900000000000	0.31750376794070	2.8064884762876
7.3000000000000	0.32693092250032	2.7997671999876
7.3100000000000	0.33633202158371	2.7930781973686
7.3200000000000	0.34570712484313	2.7864212834299
7.3300000000000	0.35505629224620	2.7797962747938
7.3400000000000	0.36437958405631	2.7732029896938
7.3500000000000	0.37367706081339	2.7666412479621
7.3600000000000	0.38294878331504	2.7601108710175
7.3700000000000	0.39219481259783	2.7536116818528
7.3800000000000	0.40141520991906	2.7471435050226
7.3900000000000	0.41061003673867	2.7407061666310
7.4000000000000	0.41977935470157	2.7342994943188
7.4100000000000	0.42892322562016	2.7279233172509
7.4200000000000	0.43804171145721	2.7215774661042
7.4300000000000	0.44713487430898	2.7152617730546
7.4400000000000	0.45620277638860	2.7089760717644
7.4500000000000	0.46524548000979	2.7027201973697
7.4600000000000	0.47426304757078	2.6964939864676
7.4700000000000	0.48325554153856	2.6902972771034
7.4800000000000	0.49222302443330	2.6841299087580
7.4900000000000	0.50116555881317	2.6779917223349
7.5000000000000	0.51008320725925	2.6718825601473
7.5100000000000	0.51897603236084	2.6658022659055
7.5200000000000	0.52784409670093	2.6597506847038
7.5300000000000	0.53668746284195	2.6537276630076
7.5400000000000	0.54550619331172	2.6477330486403
7.5500000000000	0.55430035058972	2.6417666907710
7.5600000000000	0.56306999709354	2.6358284399005
7.5700000000000	0.57181519516554	2.6299181478493
7.5800000000000	0.58053600705982	2.6240356677439
7.5900000000000	0.58923249492932	2.6181808540040
7.6000000000000	0.59790472081325	2.6123535623297
7.6100000000000	0.60655274662461	2.6065536496881
7.6200000000000	0.61517663413811	2.6007809743005
7.6300000000000	0.62377644497811	2.5950353956291
7.6400000000000	0.63235224060690	2.5893167743642
7.6500000000000	0.64090408231313	2.5836249724107
7.6600000000000	0.64943203120054	2.5779598528758
7.6700000000000	0.65793614817674	2.5723212800549
7.6800000000000	0.66641649394233	2.5667091194192
7.6900000000000	0.67487312898017	2.5611232376026
7.7000000000000	0.68330611354483	2.5555635023882
7.7100000000000	0.69171550765227	2.5500297826956
7.7200000000000	0.70010137106969	2.5445219485673
7.7300000000000	0.70846376330558	2.5390398711565
7.7400000000000	0.71680274359993	2.5335834227128
7.7500000000000	0.72511837091472	2.5281524765704
7.7600000000000	0.73341070392444	2.5227469071339
7.7700000000000	0.74167980100692	2.5173665898660
7.7800000000000	0.74992572023433	2.5120114012738
7.7900000000000	0.75814851936427	2.5066812188964
7.8000000000000	0.76634825583108	2.5013759212912
7.8100000000000	0.77452498673740	2.4960953880215
7.8200000000000	0.78267876884580	2.4908394996426
7.8300000000000	0.79080965857050	2.4856081376897
7.8400000000000	0.79891771196974	2.4804011846642
7.8500000000000	0.80700298473719	2.4752185240209
7.8600000000000	0.81506553219531	2.4700600401551
7.8700000000000	0.82310540928697	2.4649256183895
7.8800000000000	0.83112267056855	2.4598151449612
7.8900000000000	0.83911737020252	2.4547285070086
7.9000000000000	0.84708956195058	2.4496655925588
7.9100000000000	0.85503929916666	2.4446262905145
7.9200000000000	0.86296663479021	2.4396104906408
7.9300000000000	0.87087162133966	2.4346180835525
7.9400000000000	0.87875431090592	2.4296489607014
7.9500000000000	0.88661475514615	2.4247030143632
7.9600000000000	0.89445300527760	2.4197801376243
7.9700000000000	0.90226911207157	2.4148802243697
7.9800000000000	0.91006312584763	2.4100031692694
7.9900000000000	0.91783509646786	2.4051488677660
8.0000000000000	0.92558507333125	2.4003172160621
8.0100000000000	0.93331310536834	2.3955081111067
8.0200000000000	0.94101924103582	2.3907214505832
8.0300000000000	0.94870352831143	2.3859571328965
8.0400000000000	0.95636601468889	2.3812150571599
8.0500000000000	0.96400674717303	2.3764951231826
8.0600000000000	0.97162577227497	2.3717972314572
8.0700000000000	0.97922313600750	2.3671212831466
8.0800000000000	0.98679888388056	2.3624671800717
8.0900000000000	0.99435306089684	2.3578348246985
8.1000000000000	1.0018857115475	2.3532241201256
8.1100000000000	1.0093968798081	2.3486349700716
8.1200000000000	1.0168866091345	2.3440672788622
8.1300000000000	1.0243549424588	2.3395209514181
8.1400000000000	1.0318019221860	2.3349958932422
8.1500000000000	1.0392275901900	2.3304920104068
8.1600000000000	1.0466319878099	2.3260092095417
8.1700000000000	1.0540151558470	2.3215473978210
8.1800000000000	1.0613771345613	2.3171064829512
8.1900000000000	1.0687179636681	2.3126863731582
8.2000000000000	1.0760376823351	2.3082869771754
8.2100000000000	1.0833363291796	2.3039082042307
8.2200000000000	1.0906139422651	2.2995499640346
8.2300000000000	1.0978705590992	2.2952121667674
8.2400000000000	1.1051062166303	2.2908947230670
8.2500000000000	1.1123209512457	2.2865975440166
8.2600000000000	1.1195147987684	2.2823205411321
8.2700000000000	1.1266877944557	2.2780636263501
8.2800000000000	1.1338399729962	2.2738267120154
8.2900000000000	1.1409713685078	2.2696097108686
8.3000000000000	1.1480820145362	2.2654125360340
8.3100000000000	1.1551719440523	2.2612351010073
8.3200000000000	1.1622411894509	2.2570773196432
8.3300000000000	1.1692897825488	2.2529391061434
8.3400000000000	1.1763177545829	2.2488203750442
8.3500000000000	1.1833251362092	2.2447210412043
8.3600000000000	1.1903119575011	2.2406410197927
8.3700000000000	1.1972782479481	2.2365802262765
8.3800000000000	1.2042240364545	2.2325385764086
8.3900000000000	1.2111493513384	2.2285159862159
8.4000000000000	1.2180542203308	2.2245123719865
8.4100000000000	1.2249386705742	2.2205276502583
8.4200000000000	1.2318027286224	2.2165617378064
8.4300000000000	1.2386464204393	2.2126145516314
8.4400000000000	1.2454697713981	2.2086860089467
8.4500000000000	1.2522728062815	2.2047760271669
8.4600000000000	1.2590555492803	2.2008845238959
8.4700000000000	1.2658180239938	2.1970114169141
8.4800000000000	1.2725602534291	2.1931566241669
8.4900000000000	1.2792822600009	2.1893200637528
8.5000000000000	1.2859840655317	2.1855016539108
8.5100000000000	1.2926656912517	2.1817013130087
8.5200000000000	1.2993271577985	2.1779189595311
8.5300000000000	1.3059684852180	2.1741545120674
8.5400000000000	1.3125896929639	2.1704078892995
8.5500000000000	1.3191907998988	2.1666790099901
8.5600000000000	1.3257718242941	2.1629677929707
8.5700000000000	1.3323327838307	2.1592741571294
8.5800000000000	1.3388736956000	2.1555980213989
8.5900000000000	1.3453945761040	2.1519393047449
8.6000000000000	1.3518954412566	2.1482979261536
8.6100000000000	1.3583763063844	2.1446738046201
8.6200000000000	1.3648371862276	2.1410668591362
8.6300000000000	1.3712780949412	2.1374770086785
8.6400000000000	1.3776990460961	2.1339041721964
8.6500000000000	1.3841000526807	2.1303482686002
8.6600000000000	1.3904811271016	2.1268092167490
8.6700000000000	1.3968422811859	2.1232869354389
8.6800000000000	1.4031835261820	2.1197813433908
8.6900000000000	1.4095048727620	2.1162923592385
8.7000000000000	1.4158063310226	2.1128199015169
8.7100000000000	1.4220879104877	2.1093638886498
8.7200000000000	1.4283496201099	2.1059242389378
8.7300000000000	1.4345914682729	2.1025008705468
8.7400000000000	1.4408134627930	2.0990937014955
8.7500000000000	1.4470156109220	2.0957026496436
8.7600000000000	1.4531979193492	2.0923276326798
8.7700000000000	1.4593603942038	2.0889685681099
8.7800000000000	1.4655030410576	2.0856253732446
8.7900000000000	1.4716258649272	2.0822979651875
8.8000000000000	1.4777288702775	2.0789862608232
8.8100000000000	1.4838120610235	2.0756901768054
8.8200000000000	1.4898754405342	2.0724096295442
8.8300000000000	1.4959190116348	2.0691445351951
8.8400000000000	1.5019427766105	2.0658948096458
8.8500000000000	1.5079467372093	2.0626603685053
8.8600000000000	1.5139308946454	2.0594411270909
8.8700000000000	1.5198952496028	2.0562370004165
8.8800000000000	1.5258398022388	2.0530479031805
8.8900000000000	1.5317645521873	2.0498737497540
8.9000000000000	1.5376694985632	2.0467144541680
8.9100000000000	1.5435546399658	2.0435699301019
8.9200000000000	1.5494199744830	2.0404400908714
8.9300000000000	1.5552654996952	2.0373248494157
8.9400000000000	1.5610912126797	2.0342241182863
8.9500000000000	1.5668971100150	2.0311378096341
8.9600000000000	1.5726831877852	2.0280658351976
8.9700000000000	1.5784494415845	2.0250081062909
8.9800000000000	1.5841958665220	2.0219645337909
8.9900000000000	1.5899224572265	2.0189350281259
9.0000000000000	1.5956292078513	2.0159194992630
9.0100000000000	1.6013161120792	2.0129178566958
9.0200000000000	1.6069831631281	2.0099300094325
9.0300000000000	1.6126303537558	2.0069558659835
9.0400000000000	1.6182576762655	2.0039953343492
9.0500000000000	1.6238651225117	2.0010483220079
9.0600000000000	1.6294526839055	1.9981147359035
9.0700000000000	1.6350203514205	1.9951944824331
9.0800000000000	1.6405681155990	1.9922874674350
9.0900000000000	1.6460959665577	1.9893935961764
9.1000000000000	1.6516038939943	1.9865127733410
9.1100000000000	1.6570918871936	1.9836449030170
9.1200000000000	1.6625599350339	1.9807898886845
9.1300000000000	1.6680080259942	1.9779476332036
9.1400000000000	1.6734361481603	1.9751180388017
9.1500000000000	1.6788442892321	1.9723010070620
9.1600000000000	1.6842324365307	1.9694964389101
9.1700000000000	1.6896005770055	1.9667042346028
9.1800000000000	1.6949486972417	1.9639242937153
9.1900000000000	1.7002767834678	1.9611565151289
9.2000000000000	1.7055848215630	1.9584007970190
9.2100000000000	1.7108727970657	1.9556570368427
9.2200000000000	1.7161406951807	1.9529251313266
9.2300000000000	1.7213885007880	1.9502049764544
9.2400000000000	1.7266161984510	1.9474964674550
9.2500000000000	1.7318237724245	1.9447994987899
9.2600000000000	1.7370112066642	1.9421139641413
9.2700000000000	1.7421784848347	1.9394397563995
9.2800000000000	1.7473255903191	1.9367767676513
9.2900000000000	1.7524525062277	1.9341248891672
9.3000000000000	1.7575592154078	1.9314840113898
9.3100000000000	1.7626457004527	1.9288540239212
9.3200000000000	1.7677119437120	1.9262348155112
9.3300000000000	1.7727579273007	1.9236262740450
9.3400000000000	1.7777836331102	1.9210282865315
9.3500000000000	1.7827890428176	1.9184407390905
9.3600000000000	1.7877741378967	1.9158635169417
9.3700000000000	1.7927388996284	1.9132965043919
9.3800000000000	1.7976833091117	1.9107395848233
9.3900000000000	1.8026073472743	1.9081926406817
9.4000000000000	1.8075109948840	1.9056555534647
9.4100000000000	1.8123942325603	1.9031282037094
9.4200000000000	1.8172570407856	1.9006104709811
9.4300000000000	1.8220993999171	1.8981022338614
9.4400000000000	1.8269212901987	1.8956033699363
9.4500000000000	1.8317226917734	1.8931137557848
9.4600000000000	1.8365035846955	1.8906332669671
9.4700000000000	1.8412639489429	1.8881617780133
9.4800000000000	1.8460037644305	1.8856991624116
9.4900000000000	1.8507230110227	1.8832452925972
9.5000000000000	1.8554216685467	1.8808000399405
9.5100000000000	1.8600997168060	1.8783632747365
9.5200000000000	1.8647571355941	1.8759348661927
9.5300000000000	1.8693939047080	1.8735146824187
9.5400000000000	1.8740100039625	1.8711025904147
9.5500000000000	1.8786054132046	1.8686984560606
9.5600000000000	1.8831801123277	1.8663021441054
9.5700000000000	1.8877340812864	1.8639135181559
9.5800000000000	1.8922673001114	1.8615324406661
9.5900000000000	1.8967797489249	1.8591587729268
9.6000000000000	1.9012714079555	1.8567923750550
9.6100000000000	1.9057422575544	1.8544331059832
9.6200000000000	1.9101922782105	1.8520808234495
9.6300000000000	1.9146214505672	1.8497353839869
9.6400000000000	1.9190297554381	1.8473966429136
9.6500000000000	1.9234171738238	1.8450644543231
9.6600000000000	1.9277836869285	1.8427386710738
9.6700000000000	1.9321292761770	1.8404191447798
9.6800000000000	1.9364539232320	1.8381057258010
9.6900000000000	1.9407576100113	1.8357982632341
9.7000000000000	1.9450403187057	1.8334966049026
9.7100000000000	1.9493020317966	1.8312005973481
9.7200000000000	1.9535427320745	1.8289100858213
9.7300000000000	1.9577624026569	1.8266249142728
9.7400000000000	1.9619610270072	1.8243449253450
9.7500000000000	1.9661385889536	1.8220699603627
9.7600000000000	1.9702950727076	1.8197998593256
9.7700000000000	1.9744304628838	1.8175344608995
9.7800000000000	1.9785447445194	1.8152736024087
9.7900000000000	1.9826379030936	1.8130171198279
9.8000000000000	1.9867099245477	1.8107648477748
9.8100000000000	1.9907607953055	1.8085166195022
9.8200000000000	1.9947905022934	1.8062722668915
9.8300000000000	1.9987990329614	1.8040316204450
9.8400000000000	2.0027863753037	1.8017945092794
9.8500000000000	2.0067525178798	1.7995607611193
9.8600000000000	2.0106974498362	1.7973302022905
9.8700000000000	2.0146211609274	1.7951026577141
9.8800000000000	2.0185236415381	1.7928779509004
9.8900000000000	2.0224048827052	1.7906559039435
9.9000000000000	2.0262648761397	1.7884363375155
9.9100000000000	2.0301036142492	1.7862190708616
9.9200000000000	2.0339210901609	1.7840039217952
9.9300000000000	2.0377172977441	1.7817907066929
9.9400000000000	2.0414922316334	1.7795792404906
9.9500000000000	2.0452458872519	1.7773693366788
9.9600000000000	2.0489782608347	1.7751608072993
9.9700000000000	2.0526893494527	1.7729534629412
9.9800000000000	2.0563791510364	1.7707471127381
9.9900000000000	2.0600476643998	1.7685415643645
10.000000000000	2.0636948892650	1.7663366240340
10.010000000000	2.0673208262865	1.7641320964958
10.020000000000	2.0709254770756	1.7619277850338
10.030000000000	2.0745088442257	1.7597234914642
10.040000000000	2.0780709313369	1.7575190161340
10.050000000000	2.0816117430414	1.7553141579206
10.060000000000	2.0851312850288	1.7531087142303
10.070000000000	2.0886295640716	1.7509024809984
10.080000000000	2.0921065880508	1.7486952526890
10.090000000000	2.0955623659817	1.7464868222952
10.100000000000	2.0989969080401	1.7442769813400
10.110000000000	2.1024102255883	1.7420655198770
10.120000000000	2.1058023312012	1.7398522264923
10.130000000000	2.1091732386929	1.7376368883058
10.140000000000	2.1125229631433	1.7354192909734
10.150000000000	2.1158515209245	1.7331992186899
10.160000000000	2.1191589297275	1.7309764541917
10.170000000000	2.1224452085897	1.7287507787599
10.180000000000	2.1257103779211	1.7265219722244
10.190000000000	2.1289544595317	1.7242898129681
10.200000000000	2.1321774766589	1.7220540779308
10.210000000000	2.1353794539945	1.7198145426150
10.220000000000	2.1385604177119	1.7175709810907
10.230000000000	2.1417203954940	1.7153231660014
10.240000000000	2.1448594165600	1.7130708685704
10.250000000000	2.1479775116934	1.7108138586072
10.260000000000	2.1510747132695	1.7085519045151
10.270000000000	2.1541510552828	1.7062847732983
10.280000000000	2.1572065733749	1.7040122305699
10.290000000000	2.1602413048620	1.7017340405607
10.300000000000	2.1632552887624	1.6994499661277
10.310000000000	2.1662485658245	1.6971597687638
10.320000000000	2.1692211785545	1.6948632086073
10.330000000000	2.1721731712435	1.6925600444522
10.340000000000	2.1751045899958	1.6902500337593
10.350000000000	2.1780154827561	1.6879329326669
10.360000000000	2.1809058993373	1.6856084960029
10.370000000000	2.1837758914479	1.6832764772965
10.380000000000	2.1866255127192	1.6809366287914
10.390000000000	2.1894548187332	1.6785887014582
10.400000000000	2.1922638670494	1.6762324450085
10.410000000000	2.1950527172324	1.6738676079089
10.420000000000	2.1978214308788	1.6714939373953
10.430000000000	2.2005700716439	1.6691111794879
10.440000000000	2.2032987052694	1.6667190790070
10.450000000000	2.2060073996092	1.6643173795888
10.460000000000	2.2086962246566	1.6619058237017
10.470000000000	2.2113652525705	1.6594841526634
10.480000000000	2.2140145577017	1.6570521066585
10.490000000000	2.2166442166189	1.6546094247560
10.500000000000	2.2192543081348	1.6521558449280
10.510000000000	2.2218449133318	1.6496911040684
10.520000000000	2.2244161155870	1.6472149380125
10.530000000000	2.2269680005983	1.6447270815563
10.540000000000	2.2295006564087	1.6422272684772
10.550000000000	2.2320141734312	1.6397152315549
10.560000000000	2.2345086444738	1.6371907025920
10.570000000000	2.2369841647632	1.6346534124364
10.580000000000	2.2394408319691	1.6321030910029
10.590000000000	2.2418787462275	1.6295394672962
10.600000000000	2.2442980101646	1.6269622694339
10.610000000000	2.2466987289193	1.6243712246697
10.620000000000	2.2490810101665	1.6217660594177
10.630000000000	2.2514449641388	1.6191464992769
10.640000000000	2.2537907036491	1.6165122690555
10.650000000000	2.2561183441119	1.6138630927969
10.660000000000	2.2584280035649	1.6111986938046
10.670000000000	2.2607198026893	1.6085187946691
10.680000000000	2.2629938648310	1.6058231172939
10.690000000000	2.2652503160203	1.6031113829224
10.700000000000	2.2674892849915	1.6003833121656
10.710000000000	2.2697109032022	1.5976386250296
10.720000000000	2.2719153048523	1.5948770409435
10.730000000000	2.2741026269018	1.5920982787881
10.740000000000	2.2762730090890	1.5893020569247
10.750000000000	2.2784265939479	1.5864880932243
10.760000000000	2.2805635268247	1.5836561050968
10.770000000000	2.2826839558946	1.5808058095213
10.780000000000	2.2847880321774	1.5779369230759
10.790000000000	2.2868759095529	1.5750491619685
10.800000000000	2.2889477447754	1.5721422420673
10.810000000000	2.2910036974886	1.5692158789320
10.820000000000	2.2930439302386	1.5662697878453
10.830000000000	2.2950686084875	1.5633036838441
10.840000000000	2.2970779006255	1.5603172817519
10.850000000000	2.2990719779836	1.5573102962105
10.860000000000	2.3010510148441	1.5542824417126
10.870000000000	2.3030151884520	1.5512334326340
10.880000000000	2.3049646790249	1.5481629832668
10.890000000000	2.3068996697628	1.5450708078521
10.900000000000	2.3088203468565	1.5419566206130
10.910000000000	2.3107268994967	1.5388201357882
10.920000000000	2.3126195198809	1.5356610676649
10.930000000000	2.3144984032208	1.5324791306128
10.940000000000	2.3163637477486	1.5292740391176
10.950000000000	2.3182157547227	1.5260455078146
10.960000000000	2.3200546284325	1.5227932515226
10.970000000000	2.3218805762034	1.5195169852777
10.980000000000	2.3236938083995	1.5162164243675
10.990000000000	2.3254945384276	1.5128912843644
11.000000000000	2.3272829827390	1.5095412811604
11.010000000000	2.3290593608309	1.5061661310003
11.020000000000	2.3308238952481	1.5027655505160
11.030000000000	2.3325768115823	1.4993392567602
11.040000000000	2.3343183384727	1.4958869672403
11.050000000000	2.3360487076037	1.4924083999521
11.060000000000	2.3377681537040	1.4889032734133
11.070000000000	2.3394769145434	1.4853713066972
11.080000000000	2.3411752309301	1.4818122194658
11.090000000000	2.3428633467061	1.4782257320032
11.100000000000	2.3445415087429	1.4746115652485
11.110000000000	2.3462099669362	1.4709694408288
11.120000000000	2.3478689741996	1.4672990810915
11.130000000000	2.3495187864578	1.4636002091368
11.140000000000	2.3511596626392	1.4598725488500
11.150000000000	2.3527918646679	1.4561158249329
11.160000000000	2.3544156574545	1.4523297629358
11.170000000000	2.3560313088867	1.4485140892883
11.180000000000	2.3576390898191	1.4446685313305
11.190000000000	2.3592392740621	1.4407928173431
11.200000000000	2.3608321383705	1.4368866765780
11.210000000000	2.3624179624311	1.4329498392877
11.220000000000	2.3639970288498	1.4289820367545
11.230000000000	2.3655696231379	1.4249830013199
11.240000000000	2.3671360336983	1.4209524664124
11.250000000000	2.3686965518099	1.4168901665757
11.260000000000	2.3702514716127	1.4127958374960
11.270000000000	2.3718010900915	1.4086692160292
11.280000000000	2.3733457070588	1.4045100402268
11.290000000000	2.3748856251382	1.4003180493618
11.300000000000	2.3764211497458	1.3960929839543
11.310000000000	2.3779525890717	1.3918345857954
11.320000000000	2.3794802540616	1.3875425979717
11.330000000000	2.3810044583963	1.3832167648887
11.340000000000	2.3825255184721	1.3788568322929
11.350000000000	2.3840437533799	1.3744625472944
11.360000000000	2.3855594848839	1.3700336583876
11.370000000000	2.3870730374001	1.3655699154725
11.380000000000	2.3885847379739	1.3610710698739
11.390000000000	2.3900949162573	1.3565368743607
11.400000000000	2.3916039044864	1.3519670831643
11.410000000000	2.3931120374570	1.3473614519960
11.420000000000	2.3946196525012	1.3427197380638
11.430000000000	2.3961270894630	1.3380417000881
11.440000000000	2.3976346906732	1.3333270983171
11.450000000000	2.3991428009246	1.3285756945407
11.460000000000	2.4006517674464	1.3237872521038
11.470000000000	2.4021619398785	1.3189615359189
11.480000000000	2.4036736702452	1.3140983124777
11.490000000000	2.4051873129293	1.3091973498614
11.500000000000	2.4067032246450	1.3042584177505
11.510000000000	2.4082217644110	1.2992812874337
11.520000000000	2.4097432935240	1.2942657318156
11.530000000000	2.4112681755308	1.2892115254233
11.540000000000	2.4127967762012	1.2841184444125
11.550000000000	2.4143294635001	1.2789862665721
11.560000000000	2.4158666075602	1.2738147713282
11.570000000000	2.4174085806538	1.2686037397465
11.580000000000	2.4189557571649	1.2633529545347
11.590000000000	2.4205085135617	1.2580622000427
11.600000000000	2.4220672283680	1.2527312622623
11.610000000000	2.4236322821356	1.2473599288261
11.620000000000	2.4252040574163	1.2419479890048
11.630000000000	2.4267829387337	1.2364952337038
11.640000000000	2.4283693125559	1.2310014554583
11.650000000000	2.4299635672671	1.2254664484280
11.660000000000	2.4315660931405	1.2198900083901
11.670000000000	2.4331772823108	1.2142719327311
11.680000000000	2.4347975287466	1.2086120204385
11.690000000000	2.4364272282234	1.2029100720897
11.700000000000	2.4380667782973	1.1971658898417
11.710000000000	2.4397165782778	1.1913792774180
11.720000000000	2.4413770292015	1.1855500400957
11.730000000000	2.4430485338069	1.1796779846902
11.740000000000	2.4447314965079	1.1737629195402
11.750000000000	2.4464263233689	1.1678046544901
11.760000000000	2.4481334220803	1.1618030008726
11.770000000000	2.4498532019336	1.1557577714892
11.780000000000	2.4515860737975	1.1496687805900
11.790000000000	2.4533324500947	1.1435358438523
11.800000000000	2.4550927447789	1.1373587783583
11.810000000000	2.4568673733120	1.1311374025708
11.820000000000	2.4586567526428	1.1248715363094
11.830000000000	2.4604613011855	1.1185610007235
11.840000000000	2.4622814387989	1.1122056182664
11.850000000000	2.4641175867666	1.1058052126662
11.860000000000	2.4659701677780	1.0993596088972
11.870000000000	2.4678396059091	1.0928686331492
11.880000000000	2.4697263266051	1.0863321127964
11.890000000000	2.4716307566632	1.0797498763644
11.900000000000	2.4735533242164	1.0731217534973
11.910000000000	2.4754944587176	1.0664475749223
11.920000000000	2.4774545909257	1.0597271724142
11.930000000000	2.4794341528909	1.0529603787589
11.940000000000	2.4814335779429	1.0461470277151
11.950000000000	2.4834533006778	1.0392869539756
11.960000000000	2.4854937569480	1.0323799931273
11.970000000000	2.4875553838518	1.0254259816103
11.980000000000	2.4896386197242	1.0184247566760
11.990000000000	2.4917439041292	1.0113761563438
12.000000000000	2.4938716778528	1.0042800193576
12.010000000000	2.4960223828968	0.99713618514025
12.020000000000	2.4981964624742	0.98994449374836
12.030000000000	2.5003943610057	0.98270478582483
12.040000000000	2.5026165241167	0.97541690255132
12.050000000000	2.5048633986366	0.96808068559942
12.060000000000	2.5071354325977	0.96069597708099
12.070000000000	2.5094330752371	0.95326261949762
12.080000000000	2.5117567769986	0.94578045568914
12.090000000000	2.5141069895359	0.93824932878128
12.100000000000	2.5164841657179	0.93066908213244
12.110000000000	2.5188887596347	0.92303955927971
12.120000000000	2.5213212266045	0.91536060388386
12.130000000000	2.5237820231829	0.90763205967375
12.140000000000	2.5262716071729	0.89985377038967
12.150000000000	2.5287904376361	0.89202557972615
12.160000000000	2.5313389749058	0.88414733127373
12.170000000000	2.5339176806010	0.87621886846021
12.180000000000	2.5365270176427	0.86824003449094
12.190000000000	2.5391674502702	0.86021067228851
12.200000000000	2.5418394440606	0.85213062443167
12.210000000000	2.5445434659481	0.84399973309350
12.220000000000	2.5472799842462	0.83581783997897
12.230000000000	2.5500494686705	0.82758478626174
12.240000000000	2.5528523903636	0.81930041252037
12.250000000000	2.5556892219210	0.81096455867376
12.260000000000	2.5585604374191	0.80257706391607
12.270000000000	2.5614665124443	0.79413776665098
12.280000000000	2.5644079241243	0.78564650442525
12.290000000000	2.5673851511602	0.77710311386182
12.300000000000	2.5703986738609	0.76850743059217
12.310000000000	2.5734489741790	0.75985928918824
12.320000000000	2.5765365357478	0.75115852309367
12.330000000000	2.5796618439209	0.74240496455455
12.340000000000	2.5828253858124	0.73359844454962
12.350000000000	2.5860276503401	0.72473879271988
12.360000000000	2.5892691282686	0.71582583729775
12.370000000000	2.5925503122563	0.70685940503566
12.380000000000	2.5958716969020	0.69783932113414
12.390000000000	2.5992337787946	0.68876540916942
12.400000000000	2.6026370565642	0.67963749102056
12.410000000000	2.6060820309348	0.67045538679604
12.420000000000	2.6095692047787	0.66121891475987
12.430000000000	2.6130990831729	0.65192789125729
12.440000000000	2.6166721734575	0.64258213063996
12.450000000000	2.6202889852950	0.63318144519064
12.460000000000	2.6239500307325	0.62372564504748
12.470000000000	2.6276558242651	0.61421453812780
12.480000000000	2.6314068829012	0.60464793005143
12.490000000000	2.6352037262295	0.59502562406356
12.500000000000	2.6390468764886	0.58534742095718
12.510000000000	2.6429368586371	0.57561311899501
12.520000000000	2.6468742004273	0.56582251383096
12.530000000000	2.6508594324791	0.55597539843120
12.540000000000	2.6548930883567	0.54607156299463
12.550000000000	2.6589757046475	0.53611079487298
12.560000000000	2.6631078210421	0.52609287849040
12.570000000000	2.6672899804166	0.51601759526248
12.580000000000	2.6715227289172	0.50588472351489
12.590000000000	2.6758066160460	0.49569403840143
12.600000000000	2.6801421947495	0.48544531182153
12.610000000000	2.6845300215091	0.47513831233732
12.620000000000	2.6889706564323	0.46477280509005
12.630000000000	2.6934646633483	0.45434855171600
12.640000000000	2.6980126099032	0.44386531026173
12.650000000000	2.7026150676587	0.43332283509893
12.660000000000	2.7072726121928	0.42272087683833
12.670000000000	2.7119858232019	0.41205918224330
12.680000000000	2.7167552846058	0.40133749414259
12.690000000000	2.7215815846541	0.39055555134241
12.700000000000	2.7264653160355	0.37971308853791
