#Parameters = {Lh=0.033016666666667; Oa=0.049839326046652; Oo=0.0041966915170919; a=0.5; d=0.035; h=9; p=3; phi=0; r_1=2; r_2=2.7; s=0.2; t=0.2; theta=0; w=12}
#"Wavelength / nm"	"T_Zmax(2),Zmax(1) [Magnitude / dB]"
#------------------------------------------------------
23605705.354331	-54.493985313699
23624307.171001	-54.489604307342
23642938.328076	-54.485380308780
23661598.895028	-54.481311682016
23680288.941548	-54.477396796297
23699008.537549	-54.473634026591
23717757.753165	-54.470021754053
23736536.658749	-54.466558366473
23755345.324881	-54.463242258711
23774183.822363	-54.460071833121
23793052.222222	-54.457045499955
23811950.595711	-54.454161677765
23830879.014308	-54.451418793777
23849837.549722	-54.448815284263
23868826.273885	-54.446349594894
23887845.258964	-54.444020181082
23906894.577352	-54.441825508306
23925974.301676	-54.439764052428
23945084.504792	-54.437834299992
23964225.259792	-54.436034748519
23983396.640000	-54.434363906776
24002598.718975	-54.432820295043
24021831.570513	-54.431402445364
24041095.268645	-54.430108901786
24060389.887640	-54.428938220583
24079715.502008	-54.427888970474
24099072.186495	-54.426959732825
24118460.016090	-54.426149101838
24137879.066023	-54.425455684735
24157329.411765	-54.424878101923
24176811.129032	-54.424414987154
24196324.293785	-54.424064987671
24215868.982229	-54.423826764345
24235445.270816	-54.423698991800
24255053.236246	-54.423680358528
24274692.955466	-54.423769566998
24294364.505673	-54.423965333748
24314067.964315	-54.424266389473
24333803.409091	-54.424671479102
24353570.917953	-54.425179361865
24373370.569106	-54.425788811354
24393202.441009	-54.426498615571
24413066.612378	-54.427307576968
24432963.162184	-54.428214512487
24452892.169657	-54.429218253576
24472853.714286	-54.430317646214
24492847.875817	-54.431511550919
24512874.734260	-54.432798842746
24532934.369885	-54.434178411288
24553026.863227	-54.435649160660
24573152.295082	-54.437210009483
24593310.746514	-54.438859890857
24613502.298851	-54.440597752329
24633727.033689	-54.442422555856
24653985.032895	-54.444333277763
24674276.378601	-54.446328908687
24694601.153213	-54.448408453530
24714959.439406	-54.450570931393
24735351.320132	-54.452815375511
24755776.878613	-54.455140833182
24776236.198347	-54.457546365694
24796729.363110	-54.460031048240
24817256.456954	-54.462593969837
24837817.564209	-54.465234233235
24858412.769486	-54.467950954824
24879042.157676	-54.470743264539
24899705.813953	-54.473610305755
24920403.823774	-54.476551235185
24941136.272879	-54.479565222772
24961903.247294	-54.482651451577
24982704.833333	-54.485809117666
25003541.117598	-54.489037429990
25024412.186978	-54.492335610268
25045318.128655	-54.495702892860
25066259.030100	-54.499138524648
25087234.979079	-54.502641764900
25108246.063652	-54.506211885149
25129292.372171	-54.509848169051
25150373.993289	-54.513549912262
25171491.015953	-54.517316422290
25192643.529412	-54.521147018368
25213831.623213	-54.525041031308
25235055.387205	-54.528997803363
25256314.911542	-54.533016688084
25277610.286678	-54.537097050176
25298941.603376	-54.541238265355
25320308.952703	-54.545439720201
25341712.426035	-54.549700812012
25363152.115059	-54.554020948657
25384628.111770	-54.558399548426
25406140.508475	-54.562836039886
25427689.397795	-54.567329861723
25449274.872666	-54.571880462604
25470897.026338	-54.576487301014
25492555.952381	-54.581149845118
25514251.744681	-54.585867572599
25535984.497445	-54.590639970517
25557754.305200	-54.595466535152
25579561.262799	-54.600346771855
25601405.465414	-54.605280194897
25623287.008547	-54.610266327322
25645205.988024	-54.615304700789
25667162.500000	-54.620394855432
25689156.640960	-54.625536339701
25711188.507719	-54.630728710221
25733258.197425	-54.635971531636
25755365.807560	-54.641264376467
25777511.435942	-54.646606824962
25799695.180723	-54.651998464947
25821917.140396	-54.657438891685
25844177.413793	-54.662927707725
25866476.100086	-54.668464522763
25888813.298791	-54.674048953494
25911189.109767	-54.679680623471
25933603.633218	-54.685359162962
25956056.969697	-54.691084208811
25978549.220104	-54.696855404297
26001080.485690	-54.702672398995
26023650.868056	-54.708534848637
26046260.469157	-54.714442414979
26068909.391304	-54.720394765663
26091597.737163	-54.726391574081
26114325.609756	-54.732432519246
26137093.112467	-54.738517285657
26159900.349040	-54.744645563169
26182747.423581	-54.750817046865
26205634.440559	-54.757031436926
26228561.504812	-54.763288438506
26251528.721541	-54.769587761606
26274536.196319	-54.775929120949
26297584.035088	-54.782312235861
26320672.344162	-54.788736830143
26343801.230228	-54.795202631959
26366970.800352	-54.801709373714
26390181.161972	-54.808256791935
26413432.422907	-54.814844627161
26436724.691358	-54.821472623824
26460058.075905	-54.828140530139
26483432.685512	-54.834848097995
26506848.629531	-54.841595082839
26530306.017699	-54.848381243578
26553804.960142	-54.855206342462
26577345.567376	-54.862070144988
26600927.950311	-54.868972419793
26624552.220249	-54.875912938549
26648218.488889	-54.882891475871
26671926.868327	-54.889907809211
26695677.471060	-54.896961718763
26719470.409982	-54.904052987371
26743305.798394	-54.911181400428
26767183.750000	-54.918346745792
26791104.378910	-54.925548813689
26815067.799642	-54.932787396626
26839074.127126	-54.940062289303
26863123.476703	-54.947373288528
26887215.964126	-54.954720193130
26911351.705566	-54.962102803878
26935530.817610	-54.969520923400
26959753.417266	-54.976974356102
26984019.621962	-54.984462908088
27008329.549550	-54.991986387088
27032683.318305	-54.999544602376
27057081.046931	-55.007137364704
27081522.854562	-55.014764486223
27106008.860759	-55.022425780418
27130539.185520	-55.030121062032
27155113.949275	-55.037850147005
27179733.272892	-55.045612852406
27204397.277677	-55.053408996366
27229106.085377	-55.061238398016
27253859.818182	-55.069100877427
27278658.598726	-55.076996255547
27303502.550091	-55.084924354145
27328391.795807	-55.092884995752
27353326.459854	-55.100878003603
27378306.666667	-55.108903201590
27403332.541133	-55.116960414198
27428404.208600	-55.125049466463
27453521.794872	-55.133170183918
27478685.426214	-55.141322392541
27503895.229358	-55.149505918714
27529151.331497	-55.157720589172
27554453.860294	-55.165966230960
27579802.943882	-55.174242671388
27605198.710866	-55.182549737993
27630641.290323	-55.190887258492
27656130.811808	-55.199255060747
27681667.405355	-55.207652972728
27707251.201479	-55.216080822471
27732882.331175	-55.224538438045
27758560.925926	-55.233025647519
27784287.117702	-55.241542278927
27810061.038961	-55.250088160237
27835882.822656	-55.258663119318
27861752.602230	-55.267266983914
27887670.511628	-55.275899581612
27913636.685289	-55.284560739819
27939651.258155	-55.293250285731
27965714.365672	-55.301968046313
27991826.143791	-55.310713848271
28017986.728972	-55.319487518031
28044196.258185	-55.328288881720
28070454.868914	-55.337117765141
28096762.699157	-55.345973993756
28123119.887430	-55.354857392667
28149526.572770	-55.363767786600
28175982.894737	-55.372704999886
28202488.993415	-55.381668856450
28229045.009416	-55.390659179791
28255651.083883	-55.399675792973
28282307.358491	-55.408718518611
28309013.975449	-55.417787178861
28335771.077505	-55.426881595408
28362578.807947	-55.436001589455
28389437.310606	-55.445146981718
28416346.729858	-55.454317592416
28443307.210626	-55.463513241264
28470318.898386	-55.472733747469
28497381.939163	-55.481978929720
28524496.479543	-55.491248606192
28551662.666667	-55.500542594532
28578880.648236	-55.509860711865
28606150.572519	-55.519202774787
28633472.588348	-55.528568599367
28660846.845124	-55.537958001145
28688273.492823	-55.547370795129
28715752.681992	-55.556806795804
28743284.563758	-55.566265817127
28770869.289827	-55.575747672532
28798507.012488	-55.585252174931
28826197.884615	-55.594779136722
28853942.059673	-55.604328369790
28881739.691715	-55.613899685513
28909590.935391	-55.623492894768
28937495.945946	-55.633107807938
28965454.879227	-55.642744234916
28993467.891683	-55.652401985116
29021535.140368	-55.662080867480
29049656.782946	-55.671780690486
29077832.977692	-55.681501262157
29106063.883495	-55.691242390073
29134349.659864	-55.701003881377
29162690.466926	-55.710785542791
29191086.465433	-55.720587180622
29219537.816764	-55.730408600778
29248044.682927	-55.740249608778
29276607.226562	-55.750110009764
29305225.610948	-55.759989608517
29333900.000000	-55.769888209467
29362630.558276	-55.779805616709
29391417.450980	-55.789741634016
29420260.843965	-55.799696064856
29449160.903733	-55.809668712404
29478117.797443	-55.819659379561
29507131.692913	-55.829667868965
29536202.758621	-55.839693983011
29565331.163708	-55.849737523866
29594517.077986	-55.859798293489
29623760.671937	-55.869876093639
29653062.116716	-55.879970725904
29682421.584158	-55.890081991711
29711839.246779	-55.900209692345
29741315.277778	-55.910353628969
29770849.851043	-55.920513602642
29800443.141153	-55.930689414336
29830095.323383	-55.940880864958
29859806.573705	-55.951087755365
29889577.068794	-55.961309886387
29919406.986028	-55.971547058843
29949296.503496	-55.981799073564
29979245.800000	-55.992065731413
30009255.055055	-56.002346833300
30039324.448898	-56.012642180208
30069454.162487	-56.022951573211
30099644.377510	-56.033274813493
30129895.276382	-56.043611702372
30160207.042254	-56.053962041316
30190579.859013	-56.064325631969
30221013.911290	-56.074702276169
30251509.384460	-56.085091775969
30282066.464646	-56.095493933658
30312685.338726	-56.105908551785
30343366.194332	-56.116335433175
30374109.219858	-56.126774380956
30404914.604462	-56.137225198576
30435782.538071	-56.147687689826
30466713.211382	-56.158161658864
30497706.815870	-56.168646910230
30528763.543788	-56.179143248875
30559883.588175	-56.189650480177
30591067.142857	-56.200168409965
30622314.402451	-56.210696844541
30653625.562372	-56.221235590698
30685000.818833	-56.231784455747
30716440.368852	-56.242343247533
30747944.410256	-56.252911774460
30779513.141684	-56.263489845511
30811146.762590	-56.274077270271
30842845.473251	-56.284673858946
30874609.474768	-56.295279422383
30906438.969072	-56.305893772099
30938334.158927	-56.316516720291
30970295.247934	-56.327148079866
31002322.440538	-56.337787664458
31034415.942029	-56.348435288451
31066575.958549	-56.359090766996
31098802.697095	-56.369753916036
31131096.365524	-56.380424552325
31163457.172557	-56.391102493449
31195885.327784	-56.401787557845
31228381.041667	-56.412479564823
31260944.525547	-56.423178334587
31293575.991649	-56.433883688251
31326275.653083	-56.444595447865
31359043.723849	-56.455313436430
31391880.418848	-56.466037477919
31424785.953878	-56.476767397300
31457760.545645	-56.487503020550
31490804.411765	-56.498244174677
31523917.770768	-56.508990687742
31557100.842105	-56.519742388872
31590353.846154	-56.530499108284
31623677.004219	-56.541260677302
31657070.538543	-56.552026928376
31690534.672304	-56.562797695099
31724069.629630	-56.573572812225
31757675.635593	-56.584352115693
31791352.916225	-56.595135442636
31825101.698514	-56.605922631404
31858922.210414	-56.616713521583
31892814.680851	-56.627507954008
31926779.339723	-56.638305770782
31960816.417910	-56.649106815296
31994926.147279	-56.659910932241
32029108.760684	-56.670717967627
32063364.491979	-56.681527768802
32097693.576017	-56.692340184462
32132096.248660	-56.703155064674
32166572.746781	-56.713972260887
32201123.308271	-56.724791625951
32235748.172043	-56.735613014130
32270447.578041	-56.746436281117
32305221.767241	-56.757261284054
32340070.981661	-56.768087881539
32374995.464363	-56.778915933649
32409995.459459	-56.789745301947
32445071.212121	-56.800575849503
32480222.968581	-56.811407440902
32515450.976139	-56.822239942262
32550755.483170	-56.833073221246
32586136.739130	-56.843907147076
32621594.994559	-56.854741590545
32657130.501089	-56.865576424031
32692743.511450	-56.876411521512
32728434.279476	-56.887246758572
32764203.060109	-56.898082012420
32800050.109409	-56.908917161900
32835975.684556	-56.919752087500
32871980.043860	-56.930586671368
32908063.446762	-56.941420797321
32944226.153846	-56.952254350856
32980468.426843	-56.963087219162
33016790.528634	-56.973919291131
33053192.723264	-56.984750457365
33089675.275938	-56.995580610192
33126238.453039	-57.006409643672
33162882.522124	-57.017237453607
33199607.751938	-57.028063937553
33236414.412417	-57.038888994825
33273302.774695	-57.049712526512
33310273.111111	-57.060534435480
33347325.695217	-57.071354626384
33384460.801782	-57.082173005677
33421678.706800	-57.092989481614
33458979.687500	-57.103803964265
33496364.022346	-57.114616365519
33533831.991051	-57.125426599093
33571383.874580	-57.136234580538
33609019.955157	-57.147040227248
33646740.516274	-57.157843458465
33684545.842697	-57.168644195286
33722436.220472	-57.179442360668
33760411.936937	-57.190237879437
33798473.280722	-57.201030678290
33836620.541761	-57.211820685803
33874854.011299	-57.222607832434
33913173.981900	-57.233392050532
33951580.747452	-57.244173274337
33990074.603175	-57.254951439988
34028655.845630	-57.265726485523
34067324.772727	-57.276498350890
34106081.683732	-57.287266977943
34144926.879271	-57.298032310450
34183860.661345	-57.308794294096
34222883.333333	-57.319552876485
34261995.200000	-57.330308007141
34301196.567506	-57.341059637514
34340487.743414	-57.351807720982
34379869.036697	-57.362552212847
34419340.757750	-57.373293070347
34458903.218391	-57.384030252647
34498556.731876	-57.394763720847
34538301.612903	-57.405493437981
34578138.177624	-57.416219369016
34618066.743649	-57.426941480856
34658087.630058	-57.437659742338
34698201.157407	-57.448374124236
34738407.647740	-57.459084599257
34778707.424594	-57.469791142044
34819100.813008	-57.480493729171
34859588.139535	-57.491192339146
34900169.732247	-57.501886952406
34940845.920746	-57.512577551318
34981617.036173	-57.523264120176
35022483.411215	-57.533946645200
35063445.380117	-57.544625114531
35104503.278689	-57.555299518230
35145657.444314	-57.565969848276
35186908.215962	-57.576636098560
35228255.934195	-57.587298264885
35269700.941176	-57.597956344959
35311243.580683	-57.608610338392
35352884.198113	-57.619260246694
35394623.140496	-57.629906073267
35436460.756501	-57.640547823401
35478397.396450	-57.651185504271
35520433.412322	-57.661819124930
35562569.157770	-57.672448696303
35604804.988124	-57.683074231180
35647141.260404	-57.693695744215
35689578.333333	-57.704313251914
35732116.567342	-57.714926772628
35774756.324582	-57.725536326552
35817497.968937	-57.736141935711
35860341.866029	-57.746743623956
35903288.383234	-57.757341416958
35946337.889688	-57.767935342192
35989490.756303	-57.778525428940
36032747.355769	-57.789111708271
36076108.062575	-57.799694213040
36119573.253012	-57.810272977875
36163143.305187	-57.820848039170
36206818.599034	-57.831419435073
36250599.516324	-57.841987205475
36294486.440678	-57.852551392003
36338479.757576	-57.863112038007
36382579.854369	-57.873669188551
36426787.120292	-57.884222890398
36471101.946472	-57.894773192003
36515524.725944	-57.905320143498
36560055.853659	-57.915863796682
36604695.726496	-57.926404205007
36649444.743276	-57.936941423567
36694303.304774	-57.947475509082
36739271.813725	-57.958006519891
36784350.674847	-57.968534515931
36829540.294840	-57.979059558726
36874841.082411	-57.989581711378
36920253.448276	-58.000101038544
36965777.805179	-58.010617606428
37011414.567901	-58.021131482762
37057164.153276	-58.031642736792
37103026.980198	-58.042151439266
37149003.469641	-58.052657662412
37195094.044665	-58.063161479925
37241299.130435	-58.073662966953
37287619.154229	-58.084162200075
37334054.545455	-58.094659257288
37380605.735661	-58.105154217989
37427273.158552	-58.115647162956
37474057.250000	-58.126138174333
37520958.448060	-58.136627335607
37567977.192982	-58.147114731596
37615113.927227	-58.157600448424
37662369.095477	-58.168084573506
37709743.144654	-58.178567195529
37757236.523929	-58.189048404428
37804849.684741	-58.199528291371
37852583.080808	-58.210006948737
37900437.168142	-58.220484470093
37948412.405063	-58.230960950179
37996509.252218	-58.241436484883
38044728.172589	-58.251911171217
38093069.631512	-58.262385107302
38141534.096692	-58.272858392342
38190122.038217	-58.283331126603
38238833.928571	-58.293803411389
38287670.242656	-58.304275349021
38336631.457801	-58.314747042812
38385718.053777	-58.325218597048
38434930.512821	-58.335690116959
38484269.319641	-58.346161708698
38533734.961440	-58.356633479316
38583327.927928	-58.367105536739
38633048.711340	-58.377577989742
38682897.806452	-58.388050947923
38732875.710594	-58.398524521679
38782982.923674	-58.408998822183
38833219.948187	-58.419473961352
38883587.289235	-58.429950051827
38934085.454545	-58.440427206943
38984714.954486	-58.450905540703
39035476.302083	-58.461385167754
39086370.013038	-58.471866203354
39137396.605744	-58.482348763351
39188556.601307	-58.492832964151
39239850.523560	-58.503318922691
39291278.899083	-58.513806756413
39342842.257218	-58.524296583232
39394541.130092	-58.534788521509
39446376.052632	-58.545282690024
39498347.562582	-58.555779207944
39550456.200528	-58.566278194792
39602702.509908	-58.576779770425
39655087.037037	-58.587284054993
39707610.331126	-58.597791168919
39760272.944297	-58.608301232863
39813075.431607	-58.618814367692
39866018.351064	-58.629330694449
39919102.263648	-58.639850334324
39972327.733333	-58.650373408622
40025695.327103	-58.660900038728
40079205.614973	-58.671430346080
40132859.170013	-58.681964452135
40186656.568365	-58.692502478334
40240598.389262	-58.703044546076
40294685.215054	-58.713590776678
40348917.631225	-58.724141291348
40403296.226415	-58.734696211149
40457821.592443	-58.745255656967
40512494.324324	-58.755819749474
40567315.020298	-58.766388609101
40622284.281843	-58.776962355997
40677402.713704	-58.787541110002
40732670.923913	-58.798124990605
40788089.523810	-58.808714116916
40843659.128065	-58.819308607629
40899380.354707	-58.829908580986
40955253.825137	-58.840514154743
41011280.164159	-58.851125446138
41067460.000000	-58.861742571848
41123793.964335	-58.872365647963
41180282.692308	-58.882994789942
41236926.822558	-58.893630112583
41293726.997245	-58.904271729984
41350683.862069	-58.914919755508
41407798.066298	-58.925574301746
41465070.262794	-58.936235480481
41522501.108033	-58.946903402653
41580091.262136	-58.957578178317
41637841.388889	-58.968259916614
41695752.155772	-58.978948725728
41753824.233983	-58.989644712849
41812058.298466	-59.000347984141
41870455.027933	-59.011058644699
41929015.104895	-59.021776798511
41987739.215686	-59.032502548428
42046628.050491	-59.043235996117
42105682.303371	-59.053977242027
42164902.672293	-59.064726385353
42224289.859155	-59.075483523995
42283844.569817	-59.086248754520
42343567.514124	-59.097022172123
42403459.405941	-59.107803870591
42463520.963173	-59.118593942262
42523752.907801	-59.129392477988
42584155.965909	-59.140199567092
42644730.867710	-59.151015297337
42705478.347578	-59.161839754876
42766399.144080	-59.172673024223
42827494.000000	-59.183515188206
42888763.662375	-59.194366327933
42950208.882521	-59.205226522749
43011830.416069	-59.216095850195
43073629.022989	-59.226974385973
43135605.467626	-59.237862203902
43197760.518732	-59.248759375878
43260094.949495	-59.259665971835
43322609.537572	-59.270582059704
43385305.065123	-59.281507705373
43448182.318841	-59.292442972644
43511242.089985	-59.303387923195
43574485.174419	-59.314342616535
43637912.372635	-59.325307109968
43701524.489796	-59.336281458546
43765322.335766	-59.347265715031
43829306.725146	-59.358259929851
43893478.477306	-59.369264151059
43957838.416422	-59.380278424291
44022387.371512	-59.391302792721
44087126.176471	-59.402337297022
44152055.670103	-59.413381975318
44217176.696165	-59.424436863146
44282490.103397	-59.435501993409
44347996.745562	-59.446577396331
44413697.481481	-59.457663099415
44479593.175074	-59.468759127398
44545684.695394	-59.479865502206
44611972.916667	-59.490982242907
44678458.718331	-59.502109365666
44745142.985075	-59.513246883702
44812026.606876	-59.524394807233
44879110.479042	-59.535553143438
44946395.502249	-59.546721896404
45013882.582583	-59.557901067078
45081572.631579	-59.569090653221
45149466.566265	-59.580290649354
45217565.309201	-59.591501046712
45285869.788520	-59.602721833189
45354380.937973	-59.613952993293
45423099.696970	-59.625194508086
45492027.010622	-59.636446355134
45561163.829787	-59.647708508456
45630511.111111	-59.658980938463
45700069.817073	-59.670263611906
45769840.916031	-59.681556491819
45839825.382263	-59.692859537460
45910024.196018	-59.704172704249
45980438.343558	-59.715495943714
46051068.817204	-59.726829203422
46121916.615385	-59.738172426920
46192982.742681	-59.749525553670
46264268.209877	-59.760888518983
46335774.034003	-59.772261253947
46407501.238390	-59.783643685364
46479450.852713	-59.795035735673
46551623.913043	-59.806437322881
46624021.461897	-59.817848360484
46696644.548287	-59.829268757391
46769494.227769	-59.840698417844
46842571.562500	-59.852137241338
46915877.621283	-59.863585122530
46989413.479624	-59.875041951159
47063180.219780	-59.886507611951
47137178.930818	-59.897981984525
47211410.708661	-59.909464943300
47285876.656151	-59.920956357392
47360577.883096	-59.932456090511
47435515.506329	-59.943964000855
47510690.649762	-59.955479940997
47586104.444444	-59.967003757769
47661758.028617	-59.978535292146
47737652.547771	-59.990074379115
47813789.154705	-60.001620847548
47890169.009585	-60.013174520071
47966793.280000	-60.024735212916
48043663.141026	-60.036302735778
48120779.775281	-60.047876891665
48198144.372990	-60.059457476732
48275758.132045	-60.071044280120
48353622.258065	-60.082637083780
48431737.964459	-60.094235662290
48510106.472492	-60.105839782668
48588729.011345	-60.117449204171
48667606.818182	-60.129063678084
48746741.138211	-60.140682947509
48826133.224756	-60.152306747130
48905784.339315	-60.163934802976
48985695.751634	-60.175566832169
49065868.739771	-60.187202542661
49146304.590164	-60.198841632956
49227004.597701	-60.210483791817
49307970.065789	-60.222128697965
49389202.306425	-60.233776019752
49470702.640264	-60.245425414828
49552472.396694	-60.257076529776
49634512.913907	-60.268728999749
49716825.538972	-60.280382448064
49799411.627907	-60.292036485790
49882272.545757	-60.303690711311
49965409.666667	-60.315344709858
50048824.373957	-60.326998053025
50132518.060201	-60.338650298251
50216492.127303	-60.350300988272
50300747.986577	-60.361949650553
50385287.058824	-60.373595796671
50470110.774411	-60.385238921677
50555220.573356	-60.396878503413
50640617.905405	-60.408514001792
50726304.230118	-60.420144858037
50812281.016949	-60.431770493868
50898549.745331	-60.443390310651
50985111.904762	-60.455003688487
51071968.994889	-60.466609985252
51159122.525597	-60.478208535573
51246574.017094	-60.489798649743
51334325.000000	-60.501379612574
51422377.015437	-60.512950682168
51510731.615120	-60.524511088623
51599390.361446	-60.536060032643
51688354.827586	-60.547596684075
51777626.597582	-60.559120180336
51867207.266436	-60.570629624753
51957098.440208	-60.582124084783
52047301.736111	-60.593602590122
52137818.782609	-60.605064130689
52228651.219512	-60.616507654472
52319800.698080	-60.627932065228
52411268.881119	-60.639336220037
52503057.443082	-60.650718926677
52595168.070175	-60.662078940824
52687602.460457	-60.673414963059
52780362.323944	-60.684725635663
52873449.382716	-60.696009539184
52966865.371025	-60.707265188772
53060612.035398	-60.718491030236
53154691.134752	-60.729685435828
53249104.440497	-60.740846699716
53343853.736655	-60.751973033128
53438940.819964	-60.763062559136
53534367.500000	-60.774113307055
53630135.599284	-60.785123206413
53726246.953405	-60.796090080482
53822703.411131	-60.807011639301
53919506.834532	-60.817885472171
54016659.099099	-60.828709039571
54114162.093863	-60.839479664439
54212017.721519	-60.850194522772
54310227.898551	-60.860850633484
54408794.555354	-60.871444847449
54507719.636364	-60.881973835673
54607005.100182	-60.892434076499
54706652.919708	-60.902821841777
54806665.082267	-60.913133181893
54907043.589744	-60.923363909564
55007790.458716	-60.933509582282
55108907.720588	-60.943565483283
55210397.421731	-60.953526600916
55312261.623616	-60.963387606254
55414502.402957	-60.973142828797
55517121.851852	-60.982786230081
55620122.077922	-60.992311375011
55723505.204461	-61.001711400703
55827273.370577	-61.010978982606
55931428.731343	-61.020106297657
56035973.457944	-61.029084984193
56140909.737828	-61.037906098332
56246239.774859	-61.046560066496
56351965.789474	-61.055036633735
56458090.018832	-61.063324807475
56564614.716981	-61.071412796296
56671542.155009	-61.079287943299
56778874.621212	-61.086936653634
56886614.421252	-61.094344315675
56994763.878327	-61.101495215385
57103325.333333	-61.108372443317
57212301.145038	-61.114957793772
57321693.690249	-61.121231655564
57431505.363985	-61.127172893934
57541738.579654	-61.132758723149
57652395.769231	-61.137964569426
57763479.383430	-61.142763923944
57874991.891892	-61.147128185842
57986935.783366	-61.151026495412
58099313.565891	-61.154425557950
58212127.766990	-61.157289459265
58325380.933852	-61.159579474387
58439075.633528	-61.161253871861
58553214.453125	-61.162267717053
58667800.000000	-61.162572679236
58782834.901961	-61.162116849012
58898321.807466	-61.160844574828
59014263.385827	-61.158696330194
59130662.327416	-61.155608626770
59247521.343874	-61.151513992906
59364843.168317	-61.146341042740
59482630.555556	-61.140014667566
59600886.282306	-61.132456389305
59719613.147410	-61.123584925373
59838813.972056	-61.113317025327
59958491.600000	-61.101568652083
60078648.897796	-61.088256594060
60199288.755020	-61.073300608343
60320414.084507	-61.056626207910
60442027.822581	-61.038168215618
60564132.929293	-61.017875211212
60686732.388664	-60.995714990317
60809829.208925	-60.971681130087
60933426.422764	-60.945800707202
61057527.087576	-60.918143130765
61182134.285714	-60.888829925877
61307251.124744	-60.858045124792
61432880.737705	-60.826045688170
61559026.283368	-60.793171095186
61685690.946502	-60.759850929825
61812877.938144	-60.726608995750
61940590.495868	-60.694062283623
62068831.884058	-60.662913086632
62197605.394191	-60.633932817086
62326914.345114	-60.607936707392
62456762.083333	-60.585749613713
62587151.983299	-60.568164509578
62718087.447699	-60.555896759908
62849571.907757	-60.549538582883
62981608.823529	-60.549518865328
63114201.684211	-60.556073386187
63247354.008439	-60.569229402027
63381069.344609	-60.588806609466
63515351.271186	-60.614434128026
63650203.397028	-60.645580885931
63785629.361702	-60.681595140048
63921632.835821	-60.721748120997
64058217.521368	-60.765276994879
64195387.152034	-60.811423267848
64333145.493562	-60.859464092318
64471496.344086	-60.908735321452
64610443.534483	-60.958646342760
64749990.928726	-61.008687564740
64890142.424242	-61.058431907546
65030901.952278	-61.107531810799
65172273.478261	-61.155713206926
65314261.002179	-61.202767708184
65456868.558952	-61.248543996665
65600100.218818	-61.292939143280
65743960.087719	-61.335890346171
65888452.307692	-61.377367386453
66033581.057269	-61.417365952424
66179350.551876	-61.455901878920
66325765.044248	-61.493006279068
66472828.824834	-61.528721503585
66620546.222222	-61.563097840608
66768921.603563	-61.596190860587
66917959.375000	-61.628059311432
67067663.982103	-61.658763474981
67218039.910314	-61.688363904716
67369091.685393	-61.716920474584
67520823.873874	-61.744491678808
67673241.083521	-61.771134132081
67826347.963801	-61.796902227996
67980149.206349	-61.821847921200
68134649.545455	-61.846020605092
68289853.758542	-61.869467062395
68445766.666667	-61.892231470454
68602393.135011	-61.914355446845
68759738.073394	-61.935878123952
68917806.436782	-61.956836243614
69076603.225806	-61.977264264977
69236133.487298	-61.997194480258
69396402.314815	-62.016657134397
69557414.849188	-62.035680545606
69719176.279070	-62.054291224563
69881691.841492	-62.072513990679
70044966.822430	-62.090372084298
70209006.557377	-62.107887274102
70373816.431925	-62.125079959219
70539401.882353	-62.141969265847
70705768.396226	-62.158573138240
70872921.513002	-62.174908424143
71040866.824645	-62.190990954771
71209609.976247	-62.206835619515
71379156.666667	-62.222456435607
71549512.649165	-62.237866612978
71720683.732057	-62.253078614591
71892675.779377	-62.268104212493
72065494.711538	-62.282954539884
72239146.506024	-62.297640139440
72413637.198068	-62.312171008158
72588972.881356	-62.326556638975
72765159.708738	-62.340806059368
72942203.892944	-62.354927867192
73120111.707317	-62.368930263928
73298889.486553	-62.382821085554
73478543.627451	-62.396607831223
73659080.589681	-62.410297689896
73840506.896552	-62.423897565112
74022829.135802	-62.437414098019
74206053.960396	-62.450853688811
74390188.089330	-62.464222516689
74575238.308458	-62.477526558469
74761211.471322	-62.490771605928
74948114.500000	-62.503963281998
75135954.385965	-62.517107055888
75324738.190955	-62.530208257222
75514473.047859	-62.543272089269
75705166.161616	-62.556303641320
75896824.810127	-62.569307900303
76089456.345178	-62.582289761661
76283068.193384	-62.595254039581
76477667.857143	-62.608205476586
76673262.915601	-62.621148752575
76869861.025641	-62.634088493319
77067469.922879	-62.647029278467
77266097.422680	-62.659975649095
77465751.421189	-62.672932114827
77666439.896373	-62.685903160563
77868170.909091	-62.698893252826
78070952.604167	-62.711906845777
78274793.211488	-62.724948386888
78479701.047120	-62.738022322324
78685684.514436	-62.751133102037
78892752.105263	-62.764285184581
79100912.401055	-62.777483041686
79310174.074074	-62.790731162578
79520545.888594	-62.804034058084
79732036.702128	-62.817396264508
79944655.466667	-62.830822347304
80158411.229947	-62.844316904551
80373313.136729	-62.857884570236
80589370.430108	-62.871530017352
80806592.452830	-62.885257960818
81024988.648649	-62.899073160225
81244568.563686	-62.912980422418
81465341.847826	-62.926984603899
81687318.256131	-62.941090613088
81910507.650273	-62.955303412404
82134920.000000	-62.969628020196
82360565.384615	-62.984069512519
82587453.994490	-62.998633024748
82815596.132597	-63.013323753034
83045002.216066	-63.028146955605
83275682.777778	-63.043107953906
83507648.467967	-63.058212133583
83740910.055866	-63.073464945296
83975478.431373	-63.088871905377
84211364.606742	-63.104438596319
84448579.718310	-63.120170667087
84687135.028249	-63.136073833270
84927041.926346	-63.152153877044
85168311.931818	-63.168416646961
85410956.695157	-63.184868057557
85654988.000000	-63.201514088761
85900417.765043	-63.218360785125
86147258.045977	-63.235414254844
86395521.037464	-63.252680668586
86645219.075145	-63.270166258105
86896364.637681	-63.287877314653
87148970.348837	-63.305820187167
87403048.979592	-63.324001280239
87658613.450292	-63.342427051864
87915676.832845	-63.361104010950
88174252.352941	-63.380038714599
88434353.392330	-63.399237765147
88695993.491124	-63.418707806959
88959186.350148	-63.438455522973
89223945.833333	-63.458487631000
89490285.970149	-63.478810879761
89758220.958084	-63.499432044667
90027765.165165	-63.520357923339
90298933.132530	-63.541595330859
90571739.577039	-63.563151094759
90846199.393939	-63.585032049740
91122327.659574	-63.607245032118
91400139.634146	-63.629796874004
91679650.764526	-63.652694397216
91960876.687117	-63.675944406913
92243833.230769	-63.699553684972
92528536.419753	-63.723528983090
92815002.476780	-63.747877015632
93103247.826087	-63.772604452211
93393289.096573	-63.797717910022
93685143.125000	-63.823223945925
93978826.959248	-63.849129048282
94274357.861635	-63.875439628564
94571753.312303	-63.902162012731
94871031.012658	-63.929302432394
95172208.888889	-63.956867015774
95475305.095541	-63.984861778460
95780338.019169	-64.013292613993
96087326.282051	-64.042165284278
96396288.745981	-64.071485409838
96707244.516129	-64.101258459941
97020212.944984	-64.131489742596
97335213.636364	-64.162184394451
97652266.449511	-64.193347370608
97971391.503268	-64.224983434370
98292609.180328	-64.257097146949
98615940.131579	-64.289692857148
98941405.280528	-64.322774691052
99269025.827815	-64.356346541734
99598823.255814	-64.390412059020
99930819.333333	-64.424974639317
100265036.12040	-64.460037415554
100601495.97315	-64.495603247236
100940221.54882	-64.531674710658
101281235.81081	-64.568254089292
101624562.03390	-64.605343364390
101970223.80952	-64.642944205808
102318245.05119	-64.681057963099
102668650.00000	-64.719685656893
103021463.23024	-64.758827970590
103376709.65517	-64.798485242396
103734414.53287	-64.838657457729
104094603.47222	-64.879344242016
104457302.43902	-64.920544853918
104822537.76224	-64.962258178987
105190336.14035	-65.004482723802
105560724.64789	-65.047216610593
105933730.74205	-65.090457572376
106309382.26950	-65.134202948622
106687707.47331	-65.178449681482
107068735.00000	-65.223194312581
107452493.90681	-65.268432980394
107839013.66906	-65.314161418235
108228324.18773	-65.360374952855
108620455.79710	-65.407068503665
109015439.27273	-65.454236582604
109413305.83942	-65.501873294645
109814087.17949	-65.549972338961
110217815.44118	-65.598527010741
110624523.24723	-65.647530203668
111034243.70370	-65.696974413060
