#Parameters = {Lh=0.033016666666667; Oa=0.049839326046652; Oo=0.0041966915170919; a=0.5; d=0.035; h=9; p=3; phi=0; r_1=2; r_2=2.7; s=0.2; t=0.2; theta=0; w=12}
#""	"n [Re]"	"n [Im]"
#--------------------
2.7000000000000	-6.0183593237838	14.446556928543
2.7100000000000	-5.9517333172250	14.378850041644
2.7200000000000	-5.8857448800277	14.312047387369
2.7300000000000	-5.8203993498787	14.246131110615
2.7400000000000	-5.7557012968854	14.181083268224
2.7500000000000	-5.6916545361865	14.116885877268
2.7600000000000	-5.6282621437705	14.053520961006
2.7700000000000	-5.5655264751811	13.990970592323
2.7800000000000	-5.5034491867789	13.929216934496
2.7900000000000	-5.4420312592294	13.868242279156
2.8000000000000	-5.3812730228913	13.808029081386
2.8100000000000	-5.3211741847859	13.748559991896
2.8200000000000	-5.2617338568394	13.689817886279
2.8300000000000	-5.2029505851046	13.631785891347
2.8400000000000	-5.1448223796836	13.574447408615
2.8500000000000	-5.0873467450932	13.517786134981
2.8600000000000	-5.0305207108320	13.461786080706
2.8700000000000	-4.9743408619303	13.406431584788
2.8800000000000	-4.9188033692858	13.351707327858
2.8900000000000	-4.8639040196050	13.297598342718
2.9000000000000	-4.8096382447976	13.244090022677
2.9100000000000	-4.7560011506851	13.191168127805
2.9200000000000	-4.7029875449088	13.138818789273
2.9300000000000	-4.6505919639398	13.087028511912
2.9400000000000	-4.5988086991105	13.035784175158
2.9500000000000	-4.5476318216045	12.985073032504
2.9600000000000	-4.4970552063567	12.934882709624
2.9700000000000	-4.4470725548301	12.885201201294
2.9800000000000	-4.3976774166457	12.836016867247
2.9900000000000	-4.3488632100579	12.787318427088
3.0000000000000	-4.3006232412720	12.739094954390
3.0100000000000	-4.2529507226147	12.691335870078
3.0200000000000	-4.2058387895727	12.644030935213
3.0300000000000	-4.1592805167211	12.597170243275
3.0400000000000	-4.1132689325713	12.550744212020
3.0500000000000	-4.0677970333693	12.504743575019
3.0600000000000	-4.0228577958816	12.459159372933
3.0700000000000	-3.9784441892074	12.413982944603
3.0800000000000	-3.9345491856581	12.369205918014
3.0900000000000	-3.8911657707462	12.324820201197
3.1000000000000	-3.8482869523291	12.280817973101
3.1100000000000	-3.8059057689486	12.237191674499
3.1200000000000	-3.7640152974131	12.193933998949
3.1300000000000	-3.7226086596641	12.151037883863
3.1400000000000	-3.6816790289709	12.108496501689
3.1500000000000	-3.6412196354948	12.066303251253
3.1600000000000	-3.6012237712640	12.024451749271
3.1700000000000	-3.5616847945985	11.982935822046
3.1800000000000	-3.5225961340233	11.941749497375
3.1900000000000	-3.4839512917058	11.900886996665
3.2000000000000	-3.4457438464523	11.860342727274
3.2100000000000	-3.4079674562975	11.820111275083
3.2200000000000	-3.3706158607175	11.780187397301
3.2300000000000	-3.3336828824964	11.740566015505
3.2400000000000	-3.2971624292744	11.701242208923
3.2500000000000	-3.2610484948047	11.662211207944
3.2600000000000	-3.2253351599420	11.623468387877
3.2700000000000	-3.1900165933879	11.585009262928
3.2800000000000	-3.1550870522138	11.546829480418
3.2900000000000	-3.1205408821810	11.508924815219
3.3000000000000	-3.0863725178786	11.471291164412
3.3100000000000	-3.0525764826937	11.433924542160
3.3200000000000	-3.0191473886337	11.396821074788
3.3300000000000	-2.9860799360123	11.359976996069
3.3400000000000	-2.9533689130151	11.323388642700
3.3500000000000	-2.9210091951573	11.287052449975
3.3600000000000	-2.8889957446436	11.250964947640
3.3700000000000	-2.8573236096441	11.215122755918
3.3800000000000	-2.8259879234926	11.179522581710
3.3900000000000	-2.7949839038196	11.144161214961
3.4000000000000	-2.7643068516261	11.109035525178
3.4100000000000	-2.7339521503068	11.074142458101
3.4200000000000	-2.7039152646297	11.039479032521
3.4300000000000	-2.6741917396778	11.005042337228
3.4400000000000	-2.6447771997594	10.970829528101
3.4500000000000	-2.6156673472921	10.936837825316
3.4600000000000	-2.5868579616650	10.903064510685
3.4700000000000	-2.5583448980836	10.869506925096
3.4800000000000	-2.5301240864015	10.836162466074
3.4900000000000	-2.5021915299424	10.803028585445
3.5000000000000	-2.4745433043155	10.770102787095
3.5100000000000	-2.4471755562278	10.737382624831
3.5200000000000	-2.4200845022947	10.704865700324
3.5300000000000	-2.3932664278526	10.672549661146
3.5400000000000	-2.3667176857758	10.640432198886
3.5500000000000	-2.3404346952972	10.608511047341
3.5600000000000	-2.3144139408387	10.576783980784
3.5700000000000	-2.2886519708485	10.545248812302
3.5800000000000	-2.2631453966497	10.513903392199
3.5900000000000	-2.2378908913006	10.482745606460
3.6000000000000	-2.2128851884673	10.451773375279
3.6100000000000	-2.1881250813099	10.420984651640
3.6200000000000	-2.1636074213837	10.390377419952
3.6300000000000	-2.1393291175558	10.359949694730
3.6400000000000	-2.1152871349374	10.329699519332
3.6500000000000	-2.0914784938328	10.299624964732
3.6600000000000	-2.0679002687059	10.269724128333
3.6700000000000	-2.0445495871646	10.239995132829
3.6800000000000	-2.0214236289621	10.210436125088
3.6900000000000	-1.9985196250180	10.181045275085
3.7000000000000	-1.9758348564569	10.151820774848
3.7100000000000	-1.9533666536667	10.122760837446
3.7200000000000	-1.9311123953754	10.093863695996
3.7300000000000	-1.9090695077471	10.065127602692
3.7400000000000	-1.8872354634971	10.036550827861
3.7500000000000	-1.8656077810268	10.008131659030
3.7600000000000	-1.8441840235767	9.9798684000114
3.7700000000000	-1.8229617983992	9.9517593700024
3.7800000000000	-1.8019387559504	9.9238029026946
3.7900000000000	-1.7811125890999	9.8959973453902
3.8000000000000	-1.7604810323602	9.8683410581250
3.8100000000000	-1.7400418611329	9.8408324127937
3.8200000000000	-1.7197928909741	9.8134697922751
3.8300000000000	-1.6997319768765	9.7862515895549
3.8400000000000	-1.6798570125681	9.7591762068420
3.8500000000000	-1.6601659298283	9.7322420546771
3.8600000000000	-1.6406566978184	9.7054475510287
3.8700000000000	-1.6213273224279	9.6787911203742
3.8800000000000	-1.6021758456345	9.6522711927622
3.8900000000000	-1.5832003448773	9.6258862028535
3.9000000000000	-1.5643989324412	9.5996345889346
3.9100000000000	-1.5457697548532	9.5735147919029
3.9200000000000	-1.5273109922867	9.5475252542164
3.9300000000000	-1.5090208579740	9.5216644188053
3.9400000000000	-1.4908975976237	9.4959307279399
3.9500000000000	-1.4729394888427	9.4703226220494
3.9600000000000	-1.4551448405580	9.4448385384878
3.9700000000000	-1.4375119924377	9.4194769102381
3.9800000000000	-1.4200393143071	9.3942361645514
3.9900000000000	-1.4027252055560	9.3691147215131
4.0000000000000	-1.3855680945338	9.3441109925277
4.0100000000000	-1.3685664379280	9.3192233787167
4.0200000000000	-1.3517187201196	9.2944502692198
4.0300000000000	-1.3350234525115	9.2697900393902
4.0400000000000	-1.3184791728210	9.2452410488757
4.0500000000000	-1.3020844443298	9.2208016395726
4.0600000000000	-1.2858378550826	9.1964701334442
4.0700000000000	-1.2697380170244	9.1722448301893
4.0800000000000	-1.2537835650638	9.1481240047480
4.0900000000000	-1.2379731560509	9.1241059046316
4.1000000000000	-1.2223054676533	9.1001887470604
4.1100000000000	-1.2067791971135	9.0763707158924
4.1200000000000	-1.1913930598687	9.0526499583268
4.1300000000000	-1.1761457880083	9.0290245813623
4.1400000000000	-1.1610361285458	9.0054926479886
4.1500000000000	-1.1460628414733	8.9820521730927
4.1600000000000	-1.1312246975659	8.9587011190522
4.1700000000000	-1.1165204758952	8.9354373909958
4.1800000000000	-1.1019489610088	8.9122588317009
4.1900000000000	-1.0875089397224	8.8891632161034
4.2000000000000	-1.0731991974657	8.8661482453905
4.2100000000000	-1.0590185141141	8.8432115406459
4.2200000000000	-1.0449656592260	8.8203506360208
4.2300000000000	-1.0310393865965	8.7975629713956
4.2400000000000	-1.0172384280226	8.7748458845070
4.2500000000000	-1.0035614861592	8.7521966025098
4.2600000000000	-0.99000722632877	8.7296122329487
4.2700000000000	-0.97657426712390	8.7070897541183
4.2800000000000	-0.96326116962147	8.6846260047959
4.2900000000000	-0.95006642499648	8.6622176733411
4.3000000000000	-0.93698844029342	8.6398612861653
4.3100000000000	-0.92402552207859	8.6175531955985
4.3200000000000	-0.91117585765330	8.5952895671903
4.3300000000000	-0.89843749346481	8.5730663665238
4.3400000000000	-0.88580831029711	8.5508793456501
4.3500000000000	-0.87328599476894	8.5287240293053
4.3600000000000	-0.86086800659906	8.5065957011299
4.3700000000000	-0.84855154103121	8.4844893901973
4.3800000000000	-0.83633348573562	8.4623998582542
4.3900000000000	-0.82421037141998	8.4403215882097
4.4000000000000	-0.81217831530881	8.4182487745702
4.4100000000000	-0.80023295656164	8.3961753167197
4.4200000000000	-0.78836938263309	8.3740948162021
4.4300000000000	-0.77658204551847	8.3520005794712
4.4400000000000	-0.76486466679609	8.3298856279599
4.4500000000000	-0.75321013039342	8.3077427177898
4.4600000000000	-0.74161036208121	8.2855643720045
4.4700000000000	-0.73005619487606	8.2633429288939
4.4800000000000	-0.71853721985156	8.2410706107584
4.4900000000000	-0.70704162236677	8.2187396183989
4.5000000000000	-0.69555600449411	8.1963422576488
4.5100000000000	-0.68406519557305	8.1738711054060
4.5200000000000	-0.67255205439208	8.1513192238226
4.5300000000000	-0.66099726871240	8.1286804324610
4.5400000000000	-0.64937916076348	8.1059496492177
4.5500000000000	-0.63767351115889	8.0831233114006
4.5600000000000	-0.62585341852662	8.0601998882288
4.5700000000000	-0.61388921806743	8.0371804947234
4.5800000000000	-0.60174848925895	8.0140696138945
4.5900000000000	-0.58939619072210	7.9908759285328
4.6000000000000	-0.57679496832106	7.9676132548772
4.6100000000000	-0.56390568984404	7.9443015570382
4.6200000000000	-0.55068826440125	7.9209680024511
4.6300000000000	-0.53710280460342	7.8976479944916
4.6400000000000	-0.52311118135494	7.8743860891721
4.6500000000000	-0.50867900099996	7.8512366706365
4.6600000000000	-0.49377799876460	7.8282642291449
4.6700000000000	-0.47838878832809	7.8055430623248
4.6800000000000	-0.46250383511815	7.7831562152670
4.6900000000000	-0.44613043561407	7.7611934988301
4.7000000000000	-0.42929339833843	7.7397484888591
4.7100000000000	-0.41203705343061	7.7189145175562
4.7200000000000	-0.39442619116710	7.6987798178504
4.7300000000000	-0.37654556975701	7.6794221540904
4.7400000000000	-0.35849775462937	7.6609034346178
4.7500000000000	-0.34039925208335	7.6432649109344
4.7600000000000	-0.32237515185005	7.6265235831607
4.7700000000000	-0.30455274540534	7.6106703284284
4.7800000000000	-0.28705477882141	7.5956700539404
4.7900000000000	-0.26999307859750	7.5814638895451
4.8000000000000	-0.25346323226746	7.5679731394454
4.8100000000000	-0.23754082629542	7.5551044766175
4.8200000000000	-0.22227948834161	7.5427557357481
4.8300000000000	-0.20771071201886	7.5308216574288
4.8400000000000	-0.19384521732032	7.5191990405897
4.8500000000000	-0.18067545564019	7.5077909312441
4.8600000000000	-0.16817881449845	7.4965096664137
4.8700000000000	-0.15632110091046	7.4852787629278
4.8800000000000	-0.14505995815099	7.4740337675883
4.8900000000000	-0.13434797025648	7.4627222602719
4.9000000000000	-0.12413530872974	7.4513032297396
4.9100000000000	-0.11437186142258	7.4397460349245
4.9200000000000	-0.10500884752475	7.4280291357046
4.9300000000000	-0.095999964283086	7.4161387384587
4.9400000000000	-0.087302133517853	7.4040674617096
4.9500000000000	-0.078875923874084	7.3918130912308
4.9600000000000	-0.070685722795085	7.3793774646535
4.9700000000000	-0.062699724514012	7.3667655034808
4.9800000000000	-0.054889790003119	7.3539843949281
4.9900000000000	-0.047231223874997	7.3410429160190
5.0000000000000	-0.039702502952742	7.3279508866398
5.0100000000000	-0.032284982271269	7.3147187355740
5.0200000000000	-0.024962596857914	7.3013571629230
5.0300000000000	-0.017721571757722	7.2878768830057
5.0400000000000	-0.010550148262982	7.2742884332302
5.0500000000000	-0.0034383309605673	7.2606020361841
5.0600000000000	0.0036223421922109	7.2468275040214
5.0700000000000	0.010639006217996	7.2329741759868
5.0800000000000	0.017617652457761	7.2190508815243
5.0900000000000	0.024563290153667	7.2050659228357
5.1000000000000	0.031480087927131	7.1910270719603
5.1100000000000	0.038371496989748	7.1769415784678
5.1200000000000	0.045240357972073	7.1628161846946
5.1300000000000	0.052088993206125	7.1486571461412
5.1400000000000	0.058919286195986	7.1344702551961
5.1500000000000	0.065732749875275	7.1202608667983
5.1600000000000	0.072530585101376	7.1060339249952
5.1700000000000	0.079313730684259	7.0917939896305
5.1800000000000	0.086082906100107	7.0775452626079
5.1900000000000	0.092838647901561	7.0632916133423
5.2000000000000	0.099581340708617	7.0490366031386
5.2100000000000	0.10631124354925	7.0347835083298
5.2200000000000	0.11302851221579	7.0205353420843
5.2300000000000	0.11973321821230	7.0062948748404
5.2400000000000	0.12642536478822	6.9920646533670
5.2500000000000	0.13310490048425	6.9778470184789
5.2600000000000	0.13977173055539	6.9636441214506
5.2700000000000	0.14642572658454	6.9494579391894
5.2800000000000	0.15306673455422	6.9352902882329
5.2900000000000	0.15969458160568	6.9211428376426
5.3000000000000	0.16630908168127	6.9070171208651
5.3100000000000	0.17291004021709	6.8929145466341
5.3200000000000	0.17949725802898	6.8788364089823
5.3300000000000	0.18607053451346	6.8647838964307
5.3400000000000	0.19262967026791	6.8507581004205
5.3500000000000	0.19917446921847	6.8367600230472
5.3600000000000	0.20570474033147	6.8227905841537
5.3700000000000	0.21222029897291	6.8088506278362
5.3800000000000	0.21872096797102	6.7949409284101
5.3900000000000	0.22520657842872	6.7810621958836
5.4000000000000	0.23167697032611	6.7672150809786
5.4100000000000	0.23813199294692	6.7534001797389
5.4200000000000	0.24457150515801	6.7396180377596
5.4300000000000	0.25099537556649	6.7258691540718
5.4400000000000	0.25740348257565	6.7121539847100
5.4500000000000	0.26379571435737	6.6984729459908
5.4600000000000	0.27017196875632	6.6848264175275
5.4700000000000	0.27653215313870	6.6712147450023
5.4800000000000	0.28287618419655	6.6576382427171
5.4900000000000	0.28920398771684	6.6440971959421
5.5000000000000	0.29551549832303	6.6305918630791
5.5100000000000	0.30181065919585	6.6171224776540
5.5200000000000	0.30808942177873	6.6036892501551
5.5300000000000	0.31435174547256	6.5902923697275
5.5400000000000	0.32059759732366	6.5769320057379
5.5500000000000	0.32682695170823	6.5636083092182
5.5600000000000	0.33303979001588	6.5503214142005
5.5700000000000	0.33923610033451	6.5370714389495
5.5800000000000	0.34541587713845	6.5238584871034
5.5900000000000	0.35157912098108	6.5106826487284
5.6000000000000	0.35772583819333	6.4975440012950
5.6100000000000	0.36385604058894	6.4844426105829
5.6200000000000	0.36996974517713	6.4713785315180
5.6300000000000	0.37606697388332	6.4583518089492
5.6400000000000	0.38214775327827	6.4453624783686
5.6500000000000	0.38821211431587	6.4324105665791
5.6600000000000	0.39426009207990	6.4194960923150
5.6700000000000	0.40029172553959	6.4066190668171
5.6800000000000	0.40630705731431	6.3937794943680
5.6900000000000	0.41230613344704	6.3809773727887
5.7000000000000	0.41828900318680	6.3682126939010
5.7100000000000	0.42425571877964	6.3554854439566
5.7200000000000	0.43020633526828	6.3427956040376
5.7300000000000	0.43614091030003	6.3301431504278
5.7400000000000	0.44205950394284	6.3175280549598
5.7500000000000	0.44796217850924	6.3049502853367
5.7600000000000	0.45384899838800	6.2924098054335
5.7700000000000	0.45972002988316	6.2799065755763
5.7800000000000	0.46557534106027	6.2674405528042
5.7900000000000	0.47141500159955	6.2550116911116
5.8000000000000	0.47723908265574	6.2426199416759
5.8100000000000	0.48304765672436	6.2302652530691
5.8200000000000	0.48884079751413	6.2179475714551
5.8300000000000	0.49461857982547	6.2056668407738
5.8400000000000	0.50038107943449	6.1934230029136
5.8500000000000	0.50612837298264	6.1812159978717
5.8600000000000	0.51186053787154	6.1690457639039
5.8700000000000	0.51757765216282	6.1569122376646
5.8800000000000	0.52327979448283	6.1448153543376
5.8900000000000	0.52896704393192	6.1327550477578
5.9000000000000	0.53463947999816	6.1207312505253
5.9100000000000	0.54029718247527	6.1087438941117
5.9200000000000	0.54594023138462	6.0967929089597
5.9300000000000	0.55156870690101	6.0848782245753
5.9400000000000	0.55718268928227	6.0729997696147
5.9500000000000	0.56278225880227	6.0611574719650
5.9600000000000	0.56836749568733	6.0493512588197
5.9700000000000	0.57393848005589	6.0375810567487
5.9800000000000	0.57949529186124	6.0258467917645
5.9900000000000	0.58503801083711	6.0141483893827
6.0000000000000	0.59056671644619	6.0024857746795
6.0100000000000	0.59608148783125	5.9908588723447
6.0200000000000	0.60158240376876	5.9792676067308
6.0300000000000	0.60706954262515	5.9677119018997
6.0400000000000	0.61254298231513	5.9561916816651
6.0500000000000	0.61800280026247	5.9447068696321
6.0600000000000	0.62344907336275	5.9332573892346
6.0700000000000	0.62888187794823	5.9218431637693
6.0800000000000	0.63430128975461	5.9104641164274
6.0900000000000	0.63970738388963	5.8991201703242
6.1000000000000	0.64510023480347	5.8878112485264
6.1100000000000	0.65047991626083	5.8765372740765
6.1200000000000	0.65584650131460	5.8652981700169
6.1300000000000	0.66120006228108	5.8540938594105
6.1400000000000	0.66654067071662	5.8429242653602
6.1500000000000	0.67186839739580	5.8317893110273
6.1600000000000	0.67718331229079	5.8206889196474
6.1700000000000	0.68248548455208	5.8096230145452
6.1800000000000	0.68777498249042	5.7985915191485
6.1900000000000	0.69305187355992	5.7875943569998
6.2000000000000	0.69831622434229	5.7766314517677
6.2100000000000	0.70356810053210	5.7657027272563
6.2200000000000	0.70880756692317	5.7548081074144
6.2300000000000	0.71403468739577	5.7439475163427
6.2400000000000	0.71924952490494	5.7331208783009
6.2500000000000	0.72445214146960	5.7223281177130
6.2600000000000	0.72964259816251	5.7115691591728
6.2700000000000	0.73482095510115	5.7008439274474
6.2800000000000	0.73998727143925	5.6901523474809
6.2900000000000	0.74514160535919	5.6794943443969
6.3000000000000	0.75028401406511	5.6688698435002
6.3100000000000	0.75541455377661	5.6582787702779
6.3200000000000	0.76053327972325	5.6477210504006
6.3300000000000	0.76564024613966	5.6371966097216
6.3400000000000	0.77073550626113	5.6267053742769
6.3500000000000	0.77581911232002	5.6162472702838
6.3600000000000	0.78089111554252	5.6058222241393
6.3700000000000	0.78595156614611	5.5954301624183
6.3800000000000	0.79100051333743	5.5850710118708
6.3900000000000	0.79603800531074	5.5747446994190
6.4000000000000	0.80106408924682	5.5644511521541
6.4100000000000	0.80607881131234	5.5541902973322
6.4200000000000	0.81108221665970	5.5439620623708
6.4300000000000	0.81607434942731	5.5337663748436
6.4400000000000	0.82105525274022	5.5236031624766
6.4500000000000	0.82602496871125	5.5134723531421
6.4600000000000	0.83098353844248	5.5033738748543
6.4700000000000	0.83593100202707	5.4933076557629
6.4800000000000	0.84086739855150	5.4832736241476
6.4900000000000	0.84579276609816	5.4732717084120
6.5000000000000	0.85070714174826	5.4633018370769
6.5100000000000	0.85561056158507	5.4533639387744
6.5200000000000	0.86050306069755	5.4434579422402
6.5300000000000	0.86538467318416	5.4335837763075
6.5400000000000	0.87025543215712	5.4237413698994
6.5500000000000	0.87511536974688	5.4139306520217
6.5600000000000	0.87996451710688	5.4041515517554
6.5700000000000	0.88480290441864	5.3944039982492
6.5800000000000	0.88963056089709	5.3846879207115
6.5900000000000	0.89444751479612	5.3750032484029
6.6000000000000	0.89925379341451	5.3653499106280
6.6100000000000	0.90404942310198	5.3557278367271
6.6200000000000	0.90883442926559	5.3461369560684
6.6300000000000	0.91360883637630	5.3365771980396
6.6400000000000	0.91837266797585	5.3270484920392
6.6500000000000	0.92312594668380	5.3175507674687
6.6600000000000	0.92786869420486	5.3080839537232
6.6700000000000	0.93260093133634	5.2986479801837
6.6800000000000	0.93732267797597	5.2892427762082
6.6900000000000	0.94203395312979	5.2798682711226
6.7000000000000	0.94673477492031	5.2705243942125
6.7100000000000	0.95142516059493	5.2612110747145
6.7200000000000	0.95610512653445	5.2519282418071
6.7300000000000	0.96077468826185	5.2426758246020
6.7400000000000	0.96543386045128	5.2334537521357
6.7500000000000	0.97008265693716	5.2242619533601
6.7600000000000	0.97472109072359	5.2151003571342
6.7700000000000	0.97934917399381	5.2059688922153
6.7800000000000	0.98396691811995	5.1968674872499
6.7900000000000	0.98857433367292	5.1877960707654
6.8000000000000	0.99317143043247	5.1787545711609
6.8100000000000	0.99775821739743	5.1697429166990
6.8200000000000	1.0023347027961	5.1607610354970
6.8300000000000	1.0069008940969	5.1518088555181
6.8400000000000	1.0114567980191	5.1428863045631
6.8500000000000	1.0160024205436	5.1339933102619
6.8600000000000	1.0205377669242	5.1251298000649
6.8700000000000	1.0250628416988	5.1162957012349
6.8800000000000	1.0295776487005	5.1074909408385
6.8900000000000	1.0340821910697	5.0987154457383
6.9000000000000	1.0385764712652	5.0899691425844
6.9100000000000	1.0430604910763	5.0812519578064
6.9200000000000	1.0475342516351	5.0725638176058
6.9300000000000	1.0519977534278	5.0639046479478
6.9400000000000	1.0564509963080	5.0552743745537
6.9500000000000	1.0608939795083	5.0466729228932
6.9600000000000	1.0653267016530	5.0381002181770
6.9700000000000	1.0697491607713	5.0295561853493
6.9800000000000	1.0741613543093	5.0210407490806
6.9900000000000	1.0785632791435	5.0125538337604
7.0000000000000	1.0829549315936	5.0040953634905
7.0100000000000	1.0873363074357	4.9956652620778
7.0200000000000	1.0917074019158	4.9872634530276
7.0300000000000	1.0960682097627	4.9788898595371
7.0400000000000	1.1004187252020	4.9705444044893
7.0500000000000	1.1047589419696	4.9622270104458
7.0600000000000	1.1090888533252	4.9539375996418
7.0700000000000	1.1134084520663	4.9456760939794
7.0800000000000	1.1177177305421	4.9374424150217
7.0900000000000	1.1220166806676	4.9292364839881
7.1000000000000	1.1263052939372	4.9210582217477
7.1100000000000	1.1305835614398	4.9129075488149
7.1200000000000	1.1348514738721	4.9047843853440
7.1300000000000	1.1391090215537	4.8966886511242
7.1400000000000	1.1433561944409	4.8886202655751
7.1500000000000	1.1475929821416	4.8805791477421
7.1600000000000	1.1518193739299	4.8725652162922
7.1700000000000	1.1560353587602	4.8645783895098
7.1800000000000	1.1602409252826	4.8566185852927
7.1900000000000	1.1644360618570	4.8486857211487
7.2000000000000	1.1686207565681	4.8407797141920
7.2100000000000	1.1727949972404	4.8329004811396
7.2200000000000	1.1769587714528	4.8250479383090
7.2300000000000	1.1811120665535	4.8172220016146
7.2400000000000	1.1852548696752	4.8094225865654
7.2500000000000	1.1893871677497	4.8016496082629
7.2600000000000	1.1935089475231	4.7939029813985
7.2700000000000	1.1976201955707	4.7861826202518
7.2800000000000	1.2017208983118	4.7784884386889
7.2900000000000	1.2058110420253	4.7708203501608
7.3000000000000	1.2098906128641	4.7631782677025
7.3100000000000	1.2139595968701	4.7555621039315
7.3200000000000	1.2180179799896	4.7479717710477
7.3300000000000	1.2220657480882	4.7404071808323
7.3400000000000	1.2261028869653	4.7328682446477
7.3500000000000	1.2301293823695	4.7253548734376
7.3600000000000	1.2341452200134	4.7178669777273
7.3700000000000	1.2381503855883	4.7104044676237
7.3800000000000	1.2421448647790	4.7029672528166
7.3900000000000	1.2461286432790	4.6955552425790
7.4000000000000	1.2501017068045	4.6881683457688
7.4100000000000	1.2540640411100	4.6808064708301
7.4200000000000	1.2580156320019	4.6734695257946
7.4300000000000	1.2619564653537	4.6661574182840
7.4400000000000	1.2658865271202	4.6588700555117
7.4500000000000	1.2698058033521	4.6516073442854
7.4600000000000	1.2737142802099	4.6443691910099
7.4700000000000	1.2776119439785	4.6371555016897
7.4800000000000	1.2814987810811	4.6299661819324
7.4900000000000	1.2853747780933	4.6228011369517
7.5000000000000	1.2892399217570	4.6156602715715
7.5100000000000	1.2930941989940	4.6085434902294
7.5200000000000	1.2969375969199	4.6014506969810
7.5300000000000	1.3007701028576	4.5943817955037
7.5400000000000	1.3045917043507	4.5873366891022
7.5500000000000	1.3084023891768	4.5803152807122
7.5600000000000	1.3122021453606	4.5733174729062
7.5700000000000	1.3159909611871	4.5663431678986
7.5800000000000	1.3197688252143	4.5593922675505
7.5900000000000	1.3235357262858	4.5524646733765
7.6000000000000	1.3272916535437	4.5455602865493
7.6100000000000	1.3310365964407	4.5386790079072
7.6200000000000	1.3347705447524	4.5318207379590
7.6300000000000	1.3384934885897	4.5249853768917
7.6400000000000	1.3422054184099	4.5181728245766
7.6500000000000	1.3459063250292	4.5113829805762
7.6600000000000	1.3495961996340	4.5046157441518
7.6700000000000	1.3532750337918	4.4978710142703
7.6800000000000	1.3569428194630	4.4911486896120
7.6900000000000	1.3605995490114	4.4844486685784
7.7000000000000	1.3642452152150	4.4777708492997
7.7100000000000	1.3678798112767	4.4711151296432
7.7200000000000	1.3715033308345	4.4644814072215
7.7300000000000	1.3751157679718	4.4578695794006
7.7400000000000	1.3787171172270	4.4512795433090
7.7500000000000	1.3823073736034	4.4447111958458
7.7600000000000	1.3858865325787	4.4381644336903
7.7700000000000	1.3894545901141	4.4316391533103
7.7800000000000	1.3930115426634	4.4251352509718
7.7900000000000	1.3965573871818	4.4186526227483
7.8000000000000	1.4000921211344	4.4121911645300
7.8100000000000	1.4036157425047	4.4057507720334
7.8200000000000	1.4071282498022	4.3993313408114
7.8300000000000	1.4106296420709	4.3929327662628
7.8400000000000	1.4141199188965	4.3865549436423
7.8500000000000	1.4175990804137	4.3801977680708
7.8600000000000	1.4210671273137	4.3738611345452
7.8700000000000	1.4245240608507	4.3675449379490
7.8800000000000	1.4279698828485	4.3612490730625
7.8900000000000	1.4314045957072	4.3549734345735
7.9000000000000	1.4348282024090	4.3487179170874
7.9100000000000	1.4382407065244	4.3424824151382
7.9200000000000	1.4416421122174	4.3362668231992
7.9300000000000	1.4450324242511	4.3300710356936
7.9400000000000	1.4484116479928	4.3238949470052
7.9500000000000	1.4517797894189	4.3177384514897
7.9600000000000	1.4551368551192	4.3116014434853
7.9700000000000	1.4584828523017	4.3054838173238
7.9800000000000	1.4618177887964	4.2993854673417
7.9900000000000	1.4651416730590	4.2933062878911
8.0000000000000	1.4684545141749	4.2872461733507
8.0100000000000	1.4717563218620	4.2812050181374
8.0200000000000	1.4750471064743	4.2751827167167
8.0300000000000	1.4783268790043	4.2691791636147
8.0400000000000	1.4815956510858	4.2631942534283
8.0500000000000	1.4848534349960	4.2572278808372
8.0600000000000	1.4881002436578	4.2512799406145
8.0700000000000	1.4913360906415	4.2453503276382
8.0800000000000	1.4945609901663	4.2394389369020
8.0900000000000	1.4977749571016	4.2335456635266
8.1000000000000	1.5009780069684	4.2276704027709
8.1100000000000	1.5041701559395	4.2218130500427
8.1200000000000	1.5073514208408	4.2159735009102
8.1300000000000	1.5105218191512	4.2101516511124
8.1400000000000	1.5136813690027	4.2043473965708
8.1500000000000	1.5168300891806	4.1985606333995
8.1600000000000	1.5199679991227	4.1927912579166
8.1700000000000	1.5230951189191	4.1870391666548
8.1800000000000	1.5262114693112	4.1813042563722
8.1900000000000	1.5293170716908	4.1755864240627
8.2000000000000	1.5324119480983	4.1698855669670
8.2100000000000	1.5354961212223	4.1642015825829
8.2200000000000	1.5385696143966	4.1585343686755
8.2300000000000	1.5416324515993	4.1528838232881
8.2400000000000	1.5446846574502	4.1472498447521
8.2500000000000	1.5477262572085	4.1416323316971
8.2600000000000	1.5507572767703	4.1360311830614
8.2700000000000	1.5537777426661	4.1304462981015
8.2800000000000	1.5567876820573	4.1248775764023
8.2900000000000	1.5597871227336	4.1193249178870
8.3000000000000	1.5627760931094	4.1137882228262
8.3100000000000	1.5657546222204	4.1082673918482
8.3200000000000	1.5687227397199	4.1027623259479
8.3300000000000	1.5716804758747	4.0972729264963
8.3400000000000	1.5746278615614	4.0917990952498
8.3500000000000	1.5775649282618	4.0863407343594
8.3600000000000	1.5804917080588	4.0808977463791
8.3700000000000	1.5834082336317	4.0754700342756
8.3800000000000	1.5863145382516	4.0700575014360
8.3900000000000	1.5892106557761	4.0646600516773
8.4000000000000	1.5920966206449	4.0592775892542
8.4100000000000	1.5949724678740	4.0539100188679
8.4200000000000	1.5978382330507	4.0485572456736
8.4300000000000	1.6006939523281	4.0432191752892
8.4400000000000	1.6035396624194	4.0378957138028
8.4500000000000	1.6063754005922	4.0325867677803
8.4600000000000	1.6092012046623	4.0272922442734
8.4700000000000	1.6120171129885	4.0220120508267
8.4800000000000	1.6148231644654	4.0167460954851
8.4900000000000	1.6176193985180	4.0114942868009
8.5000000000000	1.6204058550949	4.0062565338407
8.5100000000000	1.6231825746619	4.0010327461923
8.5200000000000	1.6259495981955	3.9958228339715
8.5300000000000	1.6287069671762	3.9906267078283
8.5400000000000	1.6314547235815	3.9854442789535
8.5500000000000	1.6341929098793	3.9802754590847
8.5600000000000	1.6369215690208	3.9751201605127
8.5700000000000	1.6396407444334	3.9699782960868
8.5800000000000	1.6423504800138	3.9648497792209
8.5900000000000	1.6450508201201	3.9597345238993
8.6000000000000	1.6477418095655	3.9546324446814
8.6100000000000	1.6504234936102	3.9495434567074
8.6200000000000	1.6530959179541	3.9444674757035
8.6300000000000	1.6557591287295	3.9394044179865
8.6400000000000	1.6584131724933	3.9343542004686
8.6500000000000	1.6610580962195	3.9293167406622
8.6600000000000	1.6636939472916	3.9242919566840
8.6700000000000	1.6663207734948	3.9192797672596
8.6800000000000	1.6689386230079	3.9142800917275
8.6900000000000	1.6715475443963	3.9092928500430
8.7000000000000	1.6741475866034	3.9043179627821
8.7100000000000	1.6767387989430	3.8993553511449
8.7200000000000	1.6793212310913	3.8944049369595
8.7300000000000	1.6818949330791	3.8894666426849
8.7400000000000	1.6844599552838	3.8845403914143
8.7500000000000	1.6870163484212	3.8796261068785
8.7600000000000	1.6895641635378	3.8747237134479
8.7700000000000	1.6921034520025	3.8698331361361
8.7800000000000	1.6946342654987	3.8649543006020
8.7900000000000	1.6971566560163	3.8600871331522
8.8000000000000	1.6996706758434	3.8552315607434
8.8100000000000	1.7021763775586	3.8503875109843
8.8200000000000	1.7046738140226	3.8455549121377
8.8300000000000	1.7071630383702	3.8407336931225
8.8400000000000	1.7096441040027	3.8359237835149
8.8500000000000	1.7121170645791	3.8311251135501
8.8600000000000	1.7145819740085	3.8263376141240
8.8700000000000	1.7170388864423	3.8215612167940
8.8800000000000	1.7194878562655	3.8167958537802
8.8900000000000	1.7219289380895	3.8120414579664
8.9000000000000	1.7243621867435	3.8072979629010
8.9100000000000	1.7267876572668	3.8025653027976
8.9200000000000	1.7292054049012	3.7978434125355
8.9300000000000	1.7316154850823	3.7931322276600
8.9400000000000	1.7340179534324	3.7884316843831
8.9500000000000	1.7364128657524	3.7837417195832
8.9600000000000	1.7388002780138	3.7790622708054
8.9700000000000	1.7411802463513	3.7743932762612
8.9800000000000	1.7435528270548	3.7697346748284
8.9900000000000	1.7459180765618	3.7650864060508
9.0000000000000	1.7482760514498	3.7604484101376
9.0100000000000	1.7506268084284	3.7558206279629
9.0200000000000	1.7529704043325	3.7512030010650
9.0300000000000	1.7553068961137	3.7465954716453
9.0400000000000	1.7576363408339	3.7419979825679
9.0500000000000	1.7599587956570	3.7374104773581
9.0600000000000	1.7622743178424	3.7328329002015
9.0700000000000	1.7645829647368	3.7282651959425
9.0800000000000	1.7668847937677	3.7237073100831
9.0900000000000	1.7691798624357	3.7191591887814
9.1000000000000	1.7714682283078	3.7146207788500
9.1100000000000	1.7737499490097	3.7100920277543
9.1200000000000	1.7760250822197	3.7055728836108
9.1300000000000	1.7782936856607	3.7010632951850
9.1400000000000	1.7805558170942	3.6965632118897
9.1500000000000	1.7828115343129	3.6920725837828
9.1600000000000	1.7850608951340	3.6875913615650
9.1700000000000	1.7873039573930	3.6831194965780
9.1800000000000	1.7895407789364	3.6786569408015
9.1900000000000	1.7917714176156	3.6742036468514
9.2000000000000	1.7939959312802	3.6697595679770
9.2100000000000	1.7962143777715	3.6653246580582
9.2200000000000	1.7984268149165	3.6608988716033
9.2300000000000	1.8006333005212	3.6564821637458
9.2400000000000	1.8028338923648	3.6520744902419
9.2500000000000	1.8050286481930	3.6476758074676
9.2600000000000	1.8072176257127	3.6432860724151
9.2700000000000	1.8094008825854	3.6389052426907
9.2800000000000	1.8115784764215	3.6345332765109
9.2900000000000	1.8137504647744	3.6301701326997
9.3000000000000	1.8159169051350	3.6258157706851
9.3100000000000	1.8180778549257	3.6214701504956
9.3200000000000	1.8202333714948	3.6171332327572
9.3300000000000	1.8223835121114	3.6128049786898
9.3400000000000	1.8245283339595	3.6084853501037
9.3500000000000	1.8266678941326	3.6041743093957
9.3600000000000	1.8288022496288	3.5998718195461
9.3700000000000	1.8309314573455	3.5955778441145
9.3800000000000	1.8330555740739	3.5912923472362
9.3900000000000	1.8351746564943	3.5870152936186
9.4000000000000	1.8372887611711	3.5827466485369
9.4100000000000	1.8393979445478	3.5784863778310
9.4200000000000	1.8415022629423	3.5742344479006
9.4300000000000	1.8436017725421	3.5699908257020
9.4400000000000	1.8456965293998	3.5657554787435
9.4500000000000	1.8477865894281	3.5615283750820
9.4600000000000	1.8498720083961	3.5573094833180
9.4700000000000	1.8519528419241	3.5530987725923
9.4800000000000	1.8540291454798	3.5488962125812
9.4900000000000	1.8561009743739	3.5447017734927
9.5000000000000	1.8581683837560	3.5405154260620
9.5100000000000	1.8602314286104	3.5363371415471
9.5200000000000	1.8622901637523	3.5321668917249
9.5300000000000	1.8643446438238	3.5280046488863
9.5400000000000	1.8663949232900	3.5238503858323
9.5500000000000	1.8684410564356	3.5197040758691
9.5600000000000	1.8704830973607	3.5155656928041
9.5700000000000	1.8725210999777	3.5114352109413
9.5800000000000	1.8745551180079	3.5073126050765
9.5900000000000	1.8765852049774	3.5031978504932
9.6000000000000	1.8786114142145	3.4990909229578
9.6100000000000	1.8806337988462	3.4949917987153
9.6200000000000	1.8826524117951	3.4909004544843
9.6300000000000	1.8846673057759	3.4868168674527
9.6400000000000	1.8866785332933	3.4827410152732
9.6500000000000	1.8886861466381	3.4786728760583
9.6600000000000	1.8906901978853	3.4746124283759
9.6700000000000	1.8926907388905	3.4705596512448
9.6800000000000	1.8946878212878	3.4665145241296
9.6900000000000	1.8966814964872	3.4624770269363
9.7000000000000	1.8986718156717	3.4584471400077
9.7100000000000	1.9006588297953	3.4544248441185
9.7200000000000	1.9026425895806	3.4504101204706
9.7300000000000	1.9046231455161	3.4464029506886
9.7400000000000	1.9066005478549	3.4424033168148
9.7500000000000	1.9085748466116	3.4384112013049
9.7600000000000	1.9105460915611	3.4344265870228
9.7700000000000	1.9125143322363	3.4304494572362
9.7800000000000	1.9144796179262	3.4264797956119
9.7900000000000	1.9164419976743	3.4225175862108
9.8000000000000	1.9184015202768	3.4185628134836
9.8100000000000	1.9203582342811	3.4146154622657
9.8200000000000	1.9223121879842	3.4106755177727
9.8300000000000	1.9242634294311	3.4067429655957
9.8400000000000	1.9262120064138	3.4028177916967
9.8500000000000	1.9281579664697	3.3988999824036
9.8600000000000	1.9301013568804	3.3949895244059
9.8700000000000	1.9320422246707	3.3910864047498
9.8800000000000	1.9339806166074	3.3871906108338
9.8900000000000	1.9359165791986	3.3833021304036
9.9000000000000	1.9378501586924	3.3794209515482
9.9100000000000	1.9397814010763	3.3755470626945
9.9200000000000	1.9417103520765	3.3716804526033
9.9300000000000	1.9436370571570	3.3678211103645
9.9400000000000	1.9455615615195	3.3639690253926
9.9500000000000	1.9474839101021	3.3601241874221
9.9600000000000	1.9494041475796	3.3562865865030
9.9700000000000	1.9513223183627	3.3524562129965
9.9800000000000	1.9532384665980	3.3486330575703
9.9900000000000	1.9551526361674	3.3448171111942
10.000000000000	1.9570648706883	3.3410083651358
10.010000000000	1.9589752135134	3.3372068109562
10.020000000000	1.9608837077308	3.3334124405052
10.030000000000	1.9627903961639	3.3296252459174
10.040000000000	1.9646953213719	3.3258452196079
10.050000000000	1.9665985256493	3.3220723542678
10.060000000000	1.9685000510273	3.3183066428599
10.070000000000	1.9703999392731	3.3145480786149
10.080000000000	1.9722982318911	3.3107966550269
10.090000000000	1.9741949701229	3.3070523658495
10.100000000000	1.9760901949483	3.3033152050913
10.110000000000	1.9779839470857	3.2995851670124
10.120000000000	1.9798762669929	3.2958622461199
10.130000000000	1.9817671948679	3.2921464371643
10.140000000000	1.9836567706498	3.2884377351354
10.150000000000	1.9855450340198	3.2847361352583
10.160000000000	1.9874320244018	3.2810416329897
10.170000000000	1.9893177809642	3.2773542240142
10.180000000000	1.9912023426203	3.2736739042405
10.190000000000	1.9930857480300	3.2700006697972
10.200000000000	1.9949680356010	3.2663345170301
10.210000000000	1.9968492434898	3.2626754424979
10.220000000000	1.9987294096035	3.2590234429686
10.230000000000	2.0006085716013	3.2553785154167
10.240000000000	2.0024867668955	3.2517406570189
10.250000000000	2.0043640326538	3.2481098651513
10.260000000000	2.0062404058004	3.2444861373859
10.270000000000	2.0081159230181	3.2408694714873
10.280000000000	2.0099906207498	3.2372598654096
10.290000000000	2.0118645352007	3.2336573172931
10.300000000000	2.0137377023397	3.2300618254613
10.310000000000	2.0156101579018	3.2264733884179
10.320000000000	2.0174819373902	3.2228920048440
10.330000000000	2.0193530760776	3.2193176735948
10.340000000000	2.0212236090095	3.2157503936972
10.350000000000	2.0230935710055	3.2121901643469
10.360000000000	2.0249629966617	3.2086369849055
10.370000000000	2.0268319203535	3.2050908548985
10.380000000000	2.0287003762374	3.2015517740122
10.390000000000	2.0305683982536	3.1980197420913
10.400000000000	2.0324360201286	3.1944947591370
10.410000000000	2.0343032753776	3.1909768253040
10.420000000000	2.0361701973068	3.1874659408990
10.430000000000	2.0380368190167	3.1839621063781
10.440000000000	2.0399031734040	3.1804653223447
10.450000000000	2.0417692931648	3.1769755895481
10.460000000000	2.0436352107970	3.1734929088810
10.470000000000	2.0455009586035	3.1700172813779
10.480000000000	2.0473665686948	3.1665487082135
10.490000000000	2.0492320729917	3.1630871907011
10.500000000000	2.0510975032286	3.1596327302909
10.510000000000	2.0529628909562	3.1561853285687
10.520000000000	2.0548282675447	3.1527449872547
10.530000000000	2.0566936641865	3.1493117082019
10.540000000000	2.0585591118995	3.1458854933953
10.550000000000	2.0604246415303	3.1424663449507
10.560000000000	2.0622902837571	3.1390542651138
10.570000000000	2.0641560690930	3.1356492562594
10.580000000000	2.0660220278889	3.1322513208906
10.590000000000	2.0678881903374	3.1288604616382
10.600000000000	2.0697545864752	3.1254766812602
10.610000000000	2.0716212461870	3.1220999826415
10.620000000000	2.0734881992083	3.1187303687933
10.630000000000	2.0753554751291	3.1153678428533
10.640000000000	2.0772231033971	3.1120124080853
10.650000000000	2.0790911133209	3.1086640678793
10.660000000000	2.0809595340735	3.1053228257520
10.670000000000	2.0828283946954	3.1019886853466
10.680000000000	2.0846977240985	3.0986616504334
10.690000000000	2.0865675510690	3.0953417249104
10.700000000000	2.0884379042707	3.0920289128037
10.710000000000	2.0903088122490	3.0887232182687
10.720000000000	2.0921803034336	3.0854246455904
10.730000000000	2.0940524061424	3.0821331991848
10.740000000000	2.0959251485843	3.0788488836001
10.750000000000	2.0977985588633	3.0755717035176
10.760000000000	2.0996726649813	3.0723016637535
10.770000000000	2.1015474948416	3.0690387692601
10.780000000000	2.1034230762522	3.0657830251277
10.790000000000	2.1052994369293	3.0625344365863
10.800000000000	2.1071766045003	3.0592930090075
10.810000000000	2.1090546065074	3.0560587479067
10.820000000000	2.1109334704106	3.0528316589451
10.830000000000	2.1128132235908	3.0496117479322
10.840000000000	2.1146938933534	3.0463990208285
10.850000000000	2.1165755069310	3.0431934837474
10.860000000000	2.1184580914867	3.0399951429589
10.870000000000	2.1203416741174	3.0368040048919
10.880000000000	2.1222262818563	3.0336200761373
10.890000000000	2.1241119416762	3.0304433634516
10.900000000000	2.1259986804923	3.0272738737598
10.910000000000	2.1278865251653	3.0241116141591
10.920000000000	2.1297755025038	3.0209565919225
10.930000000000	2.1316656392673	3.0178088145027
10.940000000000	2.1335569621687	3.0146682895360
10.950000000000	2.1354494978771	3.0115350248461
10.960000000000	2.1373432730202	3.0084090284490
10.970000000000	2.1392383141865	3.0052903085565
10.980000000000	2.1411346479283	3.0021788735817
10.990000000000	2.1430323007632	2.9990747321429
11.000000000000	2.1449312991768	2.9959778930689
11.010000000000	2.1468316696245	2.9928883654040
11.020000000000	2.1487334385337	2.9898061584128
11.030000000000	2.1506366323055	2.9867312815858
11.040000000000	2.1525412773166	2.9836637446451
11.050000000000	2.1544473999207	2.9806035575492
11.060000000000	2.1563550264504	2.9775507304997
11.070000000000	2.1582641832182	2.9745052739466
11.080000000000	2.1601748965182	2.9714671985946
11.090000000000	2.1620871926270	2.9684365154093
11.100000000000	2.1640010978046	2.9654132356235
11.110000000000	2.1659166382955	2.9623973707437
11.120000000000	2.1678338403294	2.9593889325571
11.130000000000	2.1697527301215	2.9563879331379
11.140000000000	2.1716733338733	2.9533943848547
11.150000000000	2.1735956777726	2.9504083003773
11.160000000000	2.1755197879935	2.9474296926841
11.170000000000	2.1774456906965	2.9444585750696
11.180000000000	2.1793734120282	2.9414949611518
11.190000000000	2.1813029781207	2.9385388648800
11.200000000000	2.1832344150908	2.9355903005424
11.210000000000	2.1851677490398	2.9326492827744
11.220000000000	2.1871030060516	2.9297158265664
11.230000000000	2.1890402121921	2.9267899472722
11.240000000000	2.1909793935072	2.9238716606174
11.250000000000	2.1929205760217	2.9209609827076
11.260000000000	2.1948637857367	2.9180579300375
11.270000000000	2.1968090486280	2.9151625194992
11.280000000000	2.1987563906434	2.9122747683915
11.290000000000	2.2007058377002	2.9093946944282
11.300000000000	2.2026574156822	2.9065223157480
11.310000000000	2.2046111504367	2.9036576509233
11.320000000000	2.2065670677710	2.9008007189695
11.330000000000	2.2085251934487	2.8979515393544
11.340000000000	2.2104855531859	2.8951101320078
11.350000000000	2.2124481726468	2.8922765173314
11.360000000000	2.2144130774393	2.8894507162080
11.370000000000	2.2163802931100	2.8866327500115
11.380000000000	2.2183498451396	2.8838226406168
11.390000000000	2.2203217589368	2.8810204104100
11.400000000000	2.2222960598331	2.8782260822979
11.410000000000	2.2242727730763	2.8754396797185
11.420000000000	2.2262519238248	2.8726612266511
11.430000000000	2.2282335371403	2.8698907476264
11.440000000000	2.2302176379808	2.8671282677367
11.450000000000	2.2322042511936	2.8643738126465
11.460000000000	2.2341934015074	2.8616274086026
11.470000000000	2.2361851135239	2.8588890824445
11.480000000000	2.2381794117099	2.8561588616148
11.490000000000	2.2401763203881	2.8534367741696
11.500000000000	2.2421758637279	2.8507228487891
11.510000000000	2.2441780657361	2.8480171147877
11.520000000000	2.2461829502467	2.8453196021245
11.530000000000	2.2481905409108	2.8426303414141
11.540000000000	2.2502008611855	2.8399493639362
11.550000000000	2.2522139343230	2.8372767016466
11.560000000000	2.2542297833591	2.8346123871873
11.570000000000	2.2562484311010	2.8319564538964
11.580000000000	2.2582699001152	2.8293089358190
11.590000000000	2.2602942127142	2.8266698677164
11.600000000000	2.2623213909439	2.8240392850769
11.610000000000	2.2643514565694	2.8214172241252
11.620000000000	2.2663844310611	2.8188037218327
11.630000000000	2.2684203355802	2.8161988159267
11.640000000000	2.2704591909634	2.8136025449003
11.650000000000	2.2725010177079	2.8110149480219
11.660000000000	2.2745458359549	2.8084360653441
11.670000000000	2.2765936654737	2.8058659377134
11.680000000000	2.2786445256448	2.8033046067787
11.690000000000	2.2806984354421	2.8007521150003
11.700000000000	2.2827554134158	2.7982085056582
11.710000000000	2.2848154776737	2.7956738228609
11.720000000000	2.2868786458626	2.7931481115532
11.730000000000	2.2889449351490	2.7906314175240
11.740000000000	2.2910143621995	2.7881237874143
11.750000000000	2.2930869431608	2.7856252687241
11.760000000000	2.2951626936386	2.7831359098199
11.770000000000	2.2972416286768	2.7806557599412
11.780000000000	2.2993237627357	2.7781848692068
11.790000000000	2.3014091096701	2.7757232886213
11.800000000000	2.3034976827064	2.7732710700806
11.810000000000	2.3055894944199	2.7708282663773
11.820000000000	2.3076845567107	2.7683949312060
11.830000000000	2.3097828807802	2.7659711191673
11.840000000000	2.3118844771064	2.7635568857726
11.850000000000	2.3139893554186	2.7611522874475
11.860000000000	2.3160975246722	2.7587573815354
11.870000000000	2.3182089930228	2.7563722263000
11.880000000000	2.3203237677996	2.7539968809278
11.890000000000	2.3224418554786	2.7516314055298
11.900000000000	2.3245632616552	2.7492758611434
11.910000000000	2.3266879910165	2.7469303097322
11.920000000000	2.3288160473128	2.7445948141870
11.930000000000	2.3309474333294	2.7422694383250
11.940000000000	2.3330821508569	2.7399542468891
11.950000000000	2.3352202006621	2.7376493055460
11.960000000000	2.3373615824578	2.7353546808843
11.970000000000	2.3395062948724	2.7330704404112
11.980000000000	2.3416543354194	2.7307966525493
11.990000000000	2.3438057004658	2.7285333866321
12.000000000000	2.3459603852010	2.7262807128992
12.010000000000	2.3481183836046	2.7240387024901
12.020000000000	2.3502796884144	2.7218074274384
12.030000000000	2.3524442910935	2.7195869606641
12.040000000000	2.3546121817975	2.7173773759653
12.050000000000	2.3567833493415	2.7151787480101
12.060000000000	2.3589577811662	2.7129911523261
12.070000000000	2.3611354633043	2.7108146652901
12.080000000000	2.3633163803464	2.7086493641170
12.090000000000	2.3655005154067	2.7064953268468
12.100000000000	2.3676878500886	2.7043526323319
12.110000000000	2.3698783644497	2.7022213602227
12.120000000000	2.3720720369671	2.7001015909524
12.130000000000	2.3742688445020	2.6979934057212
12.140000000000	2.3764687622651	2.6958968864787
12.150000000000	2.3786717637806	2.6938121159065
12.160000000000	2.3808778208511	2.6917391773985
12.170000000000	2.3830869035221	2.6896781550412
12.180000000000	2.3852989800464	2.6876291335920
12.190000000000	2.3875140168486	2.6855921984577
12.200000000000	2.3897319784893	2.6835674356707
12.210000000000	2.3919528276301	2.6815549318643
12.220000000000	2.3941765249975	2.6795547742481
12.230000000000	2.3964030293483	2.6775670505804
12.240000000000	2.3986322974337	2.6755918491409
12.250000000000	2.4008642839646	2.6736292587019
12.260000000000	2.4030989415768	2.6716793684979
12.270000000000	2.4053362207962	2.6697422681945
12.280000000000	2.4075760700044	2.6678180478562
12.290000000000	2.4098184354047	2.6659067979125
12.300000000000	2.4120632609882	2.6640086091234
12.310000000000	2.4143104885007	2.6621235725431
12.320000000000	2.4165600574094	2.6602517794835
12.330000000000	2.4188119048705	2.6583933214750
12.340000000000	2.4210659656969	2.6565482902276
12.350000000000	2.4233221723270	2.6547167775899
12.360000000000	2.4255804547933	2.6528988755070
12.370000000000	2.4278407406922	2.6510946759778
12.380000000000	2.4301029551539	2.6493042710099
12.390000000000	2.4323670208137	2.6475277525748
12.400000000000	2.4346328577833	2.6457652125605
12.410000000000	2.4369003836231	2.6440167427240
12.420000000000	2.4391695133153	2.6422824346419
12.430000000000	2.4414401592380	2.6405623796602
12.440000000000	2.4437122311399	2.6388566688431
12.450000000000	2.4459856361162	2.6371653929196
12.460000000000	2.4482602785849	2.6354886422308
12.470000000000	2.4505360602650	2.6338265066742
12.480000000000	2.4528128801549	2.6321790756483
12.490000000000	2.4550906345122	2.6305464379949
12.500000000000	2.4573692168349	2.6289286819419
12.510000000000	2.4596485178432	2.6273258950433
12.520000000000	2.4619284254630	2.6257381641193
12.530000000000	2.4642088248104	2.6241655751953
12.540000000000	2.4664895981774	2.6226082134394
12.550000000000	2.4687706250196	2.6210661630998
12.560000000000	2.4710517819437	2.6195395074401
12.570000000000	2.4733329426986	2.6180283286750
12.580000000000	2.4756139781658	2.6165327079043
12.590000000000	2.4778947563530	2.6150527250464
12.600000000000	2.4801751423878	2.6135884587707
12.610000000000	2.4824549985141	2.6121399864298
12.620000000000	2.4847341840894	2.6107073839907
12.630000000000	2.4870125555839	2.6092907259652
12.640000000000	2.4892899665811	2.6078900853397
12.650000000000	2.4915662677804	2.6065055335047
12.660000000000	2.4938413070014	2.6051371401837
12.670000000000	2.4961149291892	2.6037849733610
12.680000000000	2.4983869764228	2.6024490992102
12.690000000000	2.5006572879238	2.6011295820210
12.700000000000	2.5029257000679	2.5998264841270
