#Parameters = {a=0.5; d=0.035; h=9; p=3; phi=0; r_1=2; r_2=2.7; s=0.2; t=0.2; theta=0; w=12}
#""	"n [Re]"	"n [Im]"
#--------------------
2.7000000000000	-0.55365573216084	16.313821312710
2.7100000000000	-0.50936112515959	16.245029508874
2.7200000000000	-0.46561819050715	16.177187666567
2.7300000000000	-0.42243273757749	16.110276108909
2.7400000000000	-0.37980974843960	16.044274975877
2.7500000000000	-0.33775338620586	15.979164284337
2.7600000000000	-0.29626700749949	15.914923985793
2.7700000000000	-0.25535317870280	15.851534021529
2.7800000000000	-0.21501369563022	15.788974374914
2.7900000000000	-0.17524960625818	15.727225120644
2.8000000000000	-0.13606123613898	15.666266470766
2.8100000000000	-0.097448216126016	15.606078817365
2.8200000000000	-0.059409512043161	15.546642771853
2.8300000000000	-0.021943455941221	15.487939200814
2.8400000000000	0.014952221401882	15.429949258415
2.8500000000000	0.051280357063339	15.372654415425
2.8600000000000	0.087044321946709	15.316036484895
2.8700000000000	0.12224798642704	15.260077644617
2.8800000000000	0.15689568593186	15.204760456437
2.8900000000000	0.19099218669591	15.150067882602
2.9000000000000	0.22454265190358	15.095983299238
2.9100000000000	0.25755260840845	15.042490507159
2.9200000000000	0.29002791419581	14.989573740150
2.9300000000000	0.32197472673079	14.937217670890
2.9400000000000	0.35339947231276	14.885407414717
2.9500000000000	0.38430881653564	14.834128531372
2.9600000000000	0.41470963593418	14.783367024926
2.9700000000000	0.44460899087812	14.733109342042
2.9800000000000	0.47401409975944	14.683342368739
2.9900000000000	0.50293231450276	14.634053425821
3.0000000000000	0.53137109741530	14.585230263121
3.0100000000000	0.55933799938063	14.536861052698
3.0200000000000	0.58684063938992	14.488934381140
3.0300000000000	0.61388668539475	14.441439241074
3.0400000000000	0.64048383645811	14.394365022034
3.0500000000000	0.66663980617274	14.347701500768
3.0600000000000	0.69236230731106	14.301438831110
3.0700000000000	0.71765903766586	14.255567533491
3.0800000000000	0.74253766703751	14.210078484190
3.0900000000000	0.76700582532073	14.164962904389
3.1000000000000	0.79107109164180	14.120212349118
3.1100000000000	0.81474098449604	14.075818696129
3.1200000000000	0.83802295283433	14.031774134782
3.1300000000000	0.86092436804762	13.988071154973
3.1400000000000	0.88345251679846	13.944702536150
3.1500000000000	0.90561459464904	13.901661336463
3.1600000000000	0.92741770043674	13.858940882076
3.1700000000000	0.94886883134861	13.816534756665
3.1800000000000	0.96997487864853	13.774436791129
3.1900000000000	0.99074262401158	13.732641053543
3.2000000000000	1.0111787364225	13.691141839347
3.2100000000000	1.0312897695966	13.649933661806
3.2200000000000	1.0510821598835	13.609011242740
3.2300000000000	1.0705622246160	13.568369503534
3.2400000000000	1.0897361608685	13.528003556432
3.2500000000000	1.1086100445902	13.487908696119
3.2600000000000	1.1271898300829	13.448080391595
3.2700000000000	1.1454813497917	13.408514278333
3.2800000000000	1.1634903143807	13.369206150729
3.2900000000000	1.1812223130689	13.330151954837
3.3000000000000	1.1986828141984	13.291347781380
3.3100000000000	1.2158771660155	13.252789859046
3.3200000000000	1.2328105976403	13.214474548043
3.3300000000000	1.2494882202063	13.176398333931
3.3400000000000	1.2659150281513	13.138557821708
3.3500000000000	1.2820959006420	13.100949730144
3.3600000000000	1.2980356031169	13.063570886369
3.3700000000000	1.3137387889323	13.026418220686
3.3800000000000	1.3292100010990	12.989488761629
3.3900000000000	1.3444536740952	12.952779631231
3.4000000000000	1.3594741357463	12.916288040512
3.4100000000000	1.3742756091603	12.880011285179
3.4200000000000	1.3888622147087	12.843946741514
3.4300000000000	1.4032379720445	12.808091862467
3.4400000000000	1.4174068021496	12.772444173926
3.4500000000000	1.4313725294036	12.737001271169
3.4600000000000	1.4451388836685	12.701760815485
3.4700000000000	1.4587095023810	12.666720530958
3.4800000000000	1.4720879326504	12.631878201410
3.4900000000000	1.4852776333531	12.597231667493
3.5000000000000	1.4982819772227	12.562778823927
3.5100000000000	1.5111042529300	12.528517616875
3.5200000000000	1.5237476671486	12.494446041447
3.5300000000000	1.5362153466054	12.460562139337
3.5400000000000	1.5485103401101	12.426863996575
3.5500000000000	1.5606356205633	12.393349741394
3.5600000000000	1.5725940869402	12.360017542212
3.5700000000000	1.5843885662477	12.326865605714
3.5800000000000	1.5960218154531	12.293892175040
3.5900000000000	1.6074965233840	12.261095528059
3.6000000000000	1.6188153125963	12.228473975746
3.6100000000000	1.6299807412107	12.196025860637
3.6200000000000	1.6409953047156	12.163749555372
3.6300000000000	1.6518614377370	12.131643461315
3.6400000000000	1.6625815157728	12.099706007250
3.6500000000000	1.6731578568930	12.067935648147
3.6600000000000	1.6835927234041	12.036330863997
3.6700000000000	1.6938883234776	12.004890158715
3.6800000000000	1.7040468127429	11.973612059103
3.6900000000000	1.7140702958442	11.942495113866
3.7000000000000	1.7239608279610	11.911537892696
3.7100000000000	1.7337204162931	11.880738985396
3.7200000000000	1.7433510215091	11.850097001064
3.7300000000000	1.7528545591599	11.819610567324
3.7400000000000	1.7622329010560	11.789278329594
3.7500000000000	1.7714878766101	11.759098950411
3.7600000000000	1.7806212741448	11.729071108783
3.7700000000000	1.7896348421652	11.699193499594
3.7800000000000	1.7985302905981	11.669464833031
3.7900000000000	1.8073092919969	11.639883834062
3.8000000000000	1.8159734827134	11.610449241930
3.8100000000000	1.8245244640369	11.581159809695
3.8200000000000	1.8329638033007	11.552014303796
3.8300000000000	1.8412930349572	11.523011503642
3.8400000000000	1.8495136616212	11.494150201230
3.8500000000000	1.8576271550826	11.465429200793
3.8600000000000	1.8656349572893	11.436847318466
3.8700000000000	1.8735384812999	11.408403381976
3.8800000000000	1.8813391122075	11.380096230353
3.8900000000000	1.8890382080352	11.351924713663
3.9000000000000	1.8966371006032	11.323887692758
3.9100000000000	1.9041370963692	11.295984039043
3.9200000000000	1.9115394772413	11.268212634261
3.9300000000000	1.9188455013654	11.240572370294
3.9400000000000	1.9260564038864	11.213062148976
3.9500000000000	1.9331733976851	11.185680881922
3.9600000000000	1.9401976740897	11.158427490372
3.9700000000000	1.9471304035646	11.131300905041
3.9800000000000	1.9539727363749	11.104300065985
3.9900000000000	1.9607258032287	11.077423922475
4.0000000000000	1.9673907158978	11.050671432883
4.0100000000000	1.9739685678154	11.024041564578
4.0200000000000	1.9804604346546	10.997533293823
4.0300000000000	1.9868673748848	10.971145605690
4.0400000000000	1.9931904303097	10.944877493974
4.0500000000000	1.9994306265847	10.918727961119
4.0600000000000	2.0055889737166	10.892696018147
4.0700000000000	2.0116664665440	10.866780684597
4.0800000000000	2.0176640852006	10.840980988459
4.0900000000000	2.0235827955616	10.815295966126
4.1000000000000	2.0294235496723	10.789724662343
4.1100000000000	2.0351872861612	10.764266130157
4.1200000000000	2.0408749306378	10.738919430879
4.1300000000000	2.0464873960739	10.713683634040
4.1400000000000	2.0520255831713	10.688557817358
4.1500000000000	2.0574903807147	10.663541066703
4.1600000000000	2.0628826659108	10.638632476063
4.1700000000000	2.0682033047140	10.613831147515
4.1800000000000	2.0734531521389	10.589136191198
4.1900000000000	2.0786330525612	10.564546725285
4.2000000000000	2.0837438400050	10.540061875954
4.2100000000000	2.0887863384201	10.515680777370
4.2200000000000	2.0937613619464	10.491402571653
4.2300000000000	2.0986697151688	10.467226408862
4.2400000000000	2.1035121933605	10.443151446966
4.2500000000000	2.1082895827168	10.419176851824
4.2600000000000	2.1130026605793	10.395301797163
4.2700000000000	2.1176521956496	10.371525464551
4.2800000000000	2.1222389481957	10.347847043381
4.2900000000000	2.1267636702479	10.324265730842
4.3000000000000	2.1312271057877	10.300780731898
4.3100000000000	2.1356299909276	10.277391259263
4.3200000000000	2.1399730540839	10.254096533378
4.3300000000000	2.1442570161420	10.230895782384
4.3400000000000	2.1484825906137	10.207788242099
4.3500000000000	2.1526504837891	10.184773155987
4.3600000000000	2.1567613948804	10.161849775136
4.3700000000000	2.1608160161606	10.139017358226
4.3800000000000	2.1648150330954	10.116275171499
4.3900000000000	2.1687591244696	10.093622488735
4.4000000000000	2.1726489625083	10.071058591215
4.4100000000000	2.1764852129920	10.048582767689
4.4200000000000	2.1802685353674	10.026194314350
4.4300000000000	2.1839995828526	10.003892534792
4.4400000000000	2.1876790025389	9.9816767399794
4.4500000000000	2.1913074354864	9.9595462482099
4.4600000000000	2.1948855168174	9.9375003850781
4.4700000000000	2.1984138758039	9.9155384834374
4.4800000000000	2.2018931359525	9.8936598833608
4.4900000000000	2.2053239150855	9.8718639321010
4.5000000000000	2.2087068254178	9.8501499840497
4.5100000000000	2.2120424736312	9.8285174006957
4.5200000000000	2.2153314609457	9.8069655505818
4.5300000000000	2.2185743831866	9.7854938092614
4.5400000000000	2.2217718308505	9.7641015592536
4.5500000000000	2.2249243891672	9.7427881899979
4.5600000000000	2.2280326381596	9.7215530978076
4.5700000000000	2.2310971527014	9.7003956858225
4.5800000000000	2.2341185025717	9.6793153639611
4.5900000000000	2.2370972525084	9.6583115488720
4.6000000000000	2.2400339622590	9.6373836638836
4.6100000000000	2.2429291866294	9.6165311389549
4.6200000000000	2.2457834755310	9.5957534106235
4.6300000000000	2.2485973740262	9.5750499219551
4.6400000000000	2.2513714223718	9.5544201224902
4.6500000000000	2.2541061560616	9.5338634681925
4.6600000000000	2.2568021058668	9.5133794213946
4.6700000000000	2.2594597978753	9.4929674507446
4.6800000000000	2.2620797535299	9.4726270311520
4.6900000000000	2.2646624896651	9.4523576437326
4.7000000000000	2.2672085185427	9.4321587757533
4.7100000000000	2.2697183478864	9.4120299205769
4.7200000000000	2.2721924809153	9.3919705776060
4.7300000000000	2.2746314163769	9.3719802522267
4.7400000000000	2.2770356485785	9.3520584557523
4.7500000000000	2.2794056674184	9.3322047053665
4.7600000000000	2.2817419584159	9.3124185240664
4.7700000000000	2.2840450027408	9.2926994406054
4.7800000000000	2.2863152772422	9.2730469894359
4.7900000000000	2.2885532544769	9.2534607106519
4.8000000000000	2.2907594027364	9.2339401499313
4.8100000000000	2.2929341860743	9.2144848584787
4.8200000000000	2.2950780643330	9.1950943929674
4.8300000000000	2.2971914931692	9.1757683154822
4.8400000000000	2.2992749240801	9.1565061934610
4.8500000000000	2.3013288044281	9.1373075996381
4.8600000000000	2.3033535774660	9.1181721119862
4.8700000000000	2.3053496823613	9.0990993136591
4.8800000000000	2.3073175542203	9.0800887929343
4.8900000000000	2.3092576241123	9.0611401431561
4.9000000000000	2.3111703190929	9.0422529626781
4.9100000000000	2.3130560622271	9.0234268548070
4.9200000000000	2.3149152726131	9.0046614277454
4.9300000000000	2.3167483654046	8.9859562945358
4.9400000000000	2.3185557518338	8.9673110730042
4.9500000000000	2.3203378392336	8.9487253857044
4.9600000000000	2.3220950310602	8.9301988598621
4.9700000000000	2.3238277269155	8.9117311273199
4.9800000000000	2.3255363225685	8.8933218244820
4.9900000000000	2.3272212099776	8.8749705922598
5.0000000000000	2.3288827773125	8.8566770760173
5.0100000000000	2.3305214089758	8.8384409255171
5.0200000000000	2.3321374856242	8.8202617948669
5.0300000000000	2.3337313841904	8.8021393424664
5.0400000000000	2.3353034779045	8.7840732309541
5.0500000000000	2.3368541363148	8.7660631271549
5.0600000000000	2.3383837253097	8.7481087020285
5.0700000000000	2.3398926071382	8.7302096306172
5.0800000000000	2.3413811404315	8.7123655919952
5.0900000000000	2.3428496802234	8.6945762692174
5.1000000000000	2.3442985779719	8.6768413492694
5.1100000000000	2.3457281815797	8.6591605230180
5.1200000000000	2.3471388354149	8.6415334851609
5.1300000000000	2.3485308803322	8.6239599341787
5.1400000000000	2.3499046536930	8.6064395722861
5.1500000000000	2.3512604893864	8.5889721053838
5.1600000000000	2.3525987178500	8.5715572430116
5.1700000000000	2.3539196660898	8.5541946983006
5.1800000000000	2.3552236577012	8.5368841879275
5.1900000000000	2.3565110128891	8.5196254320681
5.2000000000000	2.3577820484884	8.5024181543521
5.2100000000000	2.3590370779843	8.4852620818180
5.2200000000000	2.3602764115323	8.4681569448686
5.2300000000000	2.3615003559787	8.4511024772271
5.2400000000000	2.3627092148803	8.4340984158934
5.2500000000000	2.3639032885250	8.4171445011014
5.2600000000000	2.3650828739512	8.4002404762765
5.2700000000000	2.3662482649679	8.3833860879934
5.2800000000000	2.3673997521746	8.3665810859348
5.2900000000000	2.3685376229812	8.3498252228506
5.3000000000000	2.3696621616270	8.3331182545169
5.3100000000000	2.3707736492014	8.3164599396967
5.3200000000000	2.3718723636623	8.2998500401001
5.3300000000000	2.3729585798562	8.2832883203451
5.3400000000000	2.3740325695377	8.2667745479197
5.3500000000000	2.3750946013879	8.2503084931434
5.3600000000000	2.3761449410347	8.2338899291300
5.3700000000000	2.3771838510709	8.2175186317504
5.3800000000000	2.3782115910740	8.2011943795962
5.3900000000000	2.3792284176245	8.1849169539435
5.4000000000000	2.3802345843251	8.1686861387174
5.4100000000000	2.3812303418191	8.1525017204570
5.4200000000000	2.3822159378091	8.1363634882805
5.4300000000000	2.3831916170758	8.1202712338513
5.4400000000000	2.3841576214960	8.1042247513438
5.4500000000000	2.3851141900609	8.0882238374108
5.4600000000000	2.3860615588947	8.0722682911500
5.4700000000000	2.3869999612719	8.0563579140719
5.4800000000000	2.3879296276362	8.0404925100679
5.4900000000000	2.3888507856175	8.0246718853787
5.5000000000000	2.3897636600501	8.0088958485631
5.5100000000000	2.3906684729903	7.9931642104676
5.5200000000000	2.3915654437334	7.9774767841956
5.5300000000000	2.3924547888317	7.9618333850781
5.5400000000000	2.3933367221113	7.9462338306440
5.5500000000000	2.3942114546894	7.9306779405910
5.5600000000000	2.3950791949913	7.9151655367570
5.5700000000000	2.3959401487672	7.8996964430918
5.5800000000000	2.3967945191088	7.8842704856292
5.5900000000000	2.3976425064664	7.8688874924595
5.6000000000000	2.3984843086648	7.8535472937022
5.6100000000000	2.3993201209199	7.8382497214795
5.6200000000000	2.4001501358552	7.8229946098895
5.6300000000000	2.4009745435173	7.8077817949804
5.6400000000000	2.4017935313927	7.7926111147245
5.6500000000000	2.4026072844227	7.7774824089931
5.6600000000000	2.4034159850198	7.7623955195309
5.6700000000000	2.4042198130831	7.7473502899320
5.6800000000000	2.4050189460136	7.7323465656147
5.6900000000000	2.4058135587300	7.7173841937978
5.7000000000000	2.4066038236831	7.7024630234768
5.7100000000000	2.4073899108716	7.6875829054001
5.7200000000000	2.4081719878567	7.6727436920461
5.7300000000000	2.4089502197772	7.6579452375999
5.7400000000000	2.4097247693637	7.6431873979310
5.7500000000000	2.4104957969536	7.6284700305708
5.7600000000000	2.4112634605054	7.6137929946904
5.7700000000000	2.4120279156132	7.5991561510786
5.7800000000000	2.4127893155204	7.5845593621210
5.7900000000000	2.4135478111344	7.5700024917777
5.8000000000000	2.4143035510401	7.5554854055628
5.8100000000000	2.4150566815140	7.5410079705237
5.8200000000000	2.4158073465378	7.5265700552200
5.8300000000000	2.4165556878122	7.5121715297033
5.8400000000000	2.4173018447700	7.4978122654970
5.8500000000000	2.4180459545899	7.4834921355767
5.8600000000000	2.4187881522096	7.4692110143500
5.8700000000000	2.4195285703391	7.4549687776369
5.8800000000000	2.4202673394734	7.4407653026512
5.8900000000000	2.4210045879060	7.4266004679804
5.9000000000000	2.4217404417412	7.4124741535674
5.9100000000000	2.4224750249074	7.3983862406918
5.9200000000000	2.4232084591693	7.3843366119506
5.9300000000000	2.4239408641409	7.3703251512406
5.9400000000000	2.4246723572975	7.3563517437397
5.9500000000000	2.4254030539886	7.3424162758890
5.9600000000000	2.4261330674497	7.3285186353748
5.9700000000000	2.4268625088150	7.3146587111109
5.9800000000000	2.4275914871292	7.3008363932208
5.9900000000000	2.4283201093597	7.2870515730207
6.0000000000000	2.4290484804085	7.2733041430014
6.0100000000000	2.4297767031242	7.2595939968120
6.0200000000000	2.4305048783140	7.2459210292421
6.0300000000000	2.4312331047549	7.2322851362054
6.0400000000000	2.4319614792062	7.2186862147226
6.0500000000000	2.4326900964205	7.2051241629046
6.0600000000000	2.4334190491557	7.1915988799363
6.0700000000000	2.4341484281864	7.1781102660599
6.0800000000000	2.4348783223152	7.1646582225585
6.0900000000000	2.4356088183845	7.1512426517399
6.1000000000000	2.4363400012877	7.1378634569208
6.1100000000000	2.4370719539807	7.1245205424098
6.1200000000000	2.4378047574929	7.1112138134927
6.1300000000000	2.4385384909390	7.0979431764155
6.1400000000000	2.4392732315297	7.0847085383694
6.1500000000000	2.4400090545833	7.0715098074745
6.1600000000000	2.4407460335369	7.0583468927648
6.1700000000000	2.4414842399575	7.0452197041720
6.1800000000000	2.4422237435531	7.0321281525105
6.1900000000000	2.4429646121841	7.0190721494619
6.2000000000000	2.4437069118741	7.0060516075593
6.2100000000000	2.4444507068214	6.9930664401729
6.2200000000000	2.4451960594102	6.9801165614936
6.2300000000000	2.4459430302212	6.9672018865191
6.2400000000000	2.4466916780435	6.9543223310377
6.2500000000000	2.4474420598851	6.9414778116144
6.2600000000000	2.4481942309847	6.9286682455747
6.2700000000000	2.4489482448222	6.9158935509910
6.2800000000000	2.4497041531308	6.9031536466666
6.2900000000000	2.4504620059074	6.8904484521215
6.3000000000000	2.4512218514244	6.8777778875778
6.3100000000000	2.4519837362409	6.8651418739443
6.3200000000000	2.4527477052139	6.8525403328027
6.3300000000000	2.4535138015099	6.8399731863921
6.3400000000000	2.4542820666162	6.8274403575954
6.3500000000000	2.4550525403523	6.8149417699237
6.3600000000000	2.4558252608817	6.8024773475029
6.3700000000000	2.4566002647232	6.7900470150584
6.3800000000000	2.4573775867627	6.7776506979013
6.3900000000000	2.4581572602648	6.7652883219134
6.4000000000000	2.4589393168847	6.7529598135339
6.4100000000000	2.4597237866798	6.7406650997439
6.4200000000000	2.4605106981220	6.7284041080531
6.4300000000000	2.4613000781091	6.7161767664853
6.4400000000000	2.4620919519774	6.7039830035642
6.4500000000000	2.4628863435136	6.6918227482993
6.4600000000000	2.4636832749670	6.6796959301721
6.4700000000000	2.4644827670619	6.6676024791215
6.4800000000000	2.4652848390097	6.6555423255304
6.4900000000000	2.4660895085220	6.6435154002117
6.5000000000000	2.4668967918224	6.6315216343940
6.5100000000000	2.4677067036600	6.6195609597083
6.5200000000000	2.4685192573215	6.6076333081736
6.5300000000000	2.4693344646444	6.5957386121838
6.5400000000000	2.4701523360300	6.5838768044935
6.5500000000000	2.4709728804565	6.5720478182046
6.5600000000000	2.4717961054920	6.5602515867528
6.5700000000000	2.4726220173081	6.5484880438937
6.5800000000000	2.4734506206934	6.5367571236895
6.5900000000000	2.4742819190665	6.5250587604958
6.6000000000000	2.4751159144903	6.5133928889480
6.6100000000000	2.4759526076857	6.5017594439478
6.6200000000000	2.4767919980451	6.4901583606504
6.6300000000000	2.4776340836469	6.4785895744510
6.6400000000000	2.4784788612694	6.4670530209717
6.6500000000000	2.4793263264054	6.4555486360488
6.6600000000000	2.4801764732761	6.4440763557193
6.6700000000000	2.4810292948462	6.4326361162085
6.6800000000000	2.4818847828385	6.4212278539166
6.6900000000000	2.4827429277482	6.4098515054067
6.7000000000000	2.4836037188586	6.3985070073915
6.7100000000000	2.4844671442557	6.3871942967212
6.7200000000000	2.4853331908435	6.3759133103705
6.7300000000000	2.4862018443594	6.3646639854268
6.7400000000000	2.4870730893897	6.3534462590774
6.7500000000000	2.4879469093854	6.3422600685975
6.7600000000000	2.4888232866774	6.3311053513383
6.7700000000000	2.4897022024931	6.3199820447146
6.7800000000000	2.4905836369717	6.3088900861931
6.7900000000000	2.4914675691811	6.2978294132808
6.8000000000000	2.4923539771337	6.2867999635128
6.8100000000000	2.4932428378027	6.2758016744416
6.8200000000000	2.4941341271393	6.2648344836245
6.8300000000000	2.4950278200887	6.2538983286135
6.8400000000000	2.4959238906073	6.2429931469433
6.8500000000000	2.4968223116794	6.2321188761204
6.8600000000000	2.4977230553346	6.2212754536124
6.8700000000000	2.4986260926646	6.2104628168369
6.8800000000000	2.4995313938408	6.1996809031512
6.8900000000000	2.5004389281315	6.1889296498415
6.9000000000000	2.5013486639197	6.1782089941126
6.9100000000000	2.5022605687206	6.1675188730777
6.9200000000000	2.5031746091995	6.1568592237484
6.9300000000000	2.5040907511895	6.1462299830247
6.9400000000000	2.5050089597097	6.1356310876854
6.9500000000000	2.5059291989830	6.1250624743782
6.9600000000000	2.5068514324549	6.1145240796108
6.9700000000000	2.5077756228113	6.1040158397411
6.9800000000000	2.5087017319968	6.0935376909684
6.9900000000000	2.5096297212338	6.0830895693247
7.0000000000000	2.5105595510406	6.0726714106654
7.0100000000000	2.5114911812500	6.0622831506615
7.0200000000000	2.5124245710287	6.0519247247905
7.0300000000000	2.5133596788952	6.0415960683288
7.0400000000000	2.5142964627395	6.0312971163436
7.0500000000000	2.5152348798417	6.0210278036849
7.0600000000000	2.5161748868910	6.0107880649782
7.0700000000000	2.5171164400053	6.0005778346169
7.0800000000000	2.5180594947494	5.9903970467553
7.0900000000000	2.5190040061552	5.9802456353014
7.1000000000000	2.5199499287403	5.9701235339105
7.1100000000000	2.5208972165278	5.9600306759783
7.1200000000000	2.5218458230650	5.9499669946346
7.1300000000000	2.5227957014433	5.9399324227374
7.1400000000000	2.5237468043176	5.9299268928668
7.1500000000000	2.5246990839252	5.9199503373194
7.1600000000000	2.5256524921057	5.9100026881028
7.1700000000000	2.5266069803204	5.9000838769302
7.1800000000000	2.5275624996713	5.8901938352157
7.1900000000000	2.5285190009212	5.8803324940692
7.2000000000000	2.5294764345126	5.8704997842921
7.2100000000000	2.5304347505874	5.8606956363726
7.2200000000000	2.5313938990061	5.8509199804821
7.2300000000000	2.5323538293673	5.8411727464709
7.2400000000000	2.5333144910271	5.8314538638645
7.2500000000000	2.5342758331184	5.8217632618608
7.2600000000000	2.5352378045697	5.8121008693262
7.2700000000000	2.5362003541251	5.8024666147930
7.2800000000000	2.5371634303628	5.7928604264568
7.2900000000000	2.5381269817146	5.7832822321739
7.3000000000000	2.5390909564847	5.7737319594589
7.3100000000000	2.5400553028687	5.7642095354830
7.3200000000000	2.5410199689724	5.7547148870722
7.3300000000000	2.5419849028309	5.7452479407054
7.3400000000000	2.5429500524268	5.7358086225138
7.3500000000000	2.5439153657092	5.7263968582791
7.3600000000000	2.5448807906120	5.7170125734332
7.3700000000000	2.5458462750724	5.7076556930575
7.3800000000000	2.5468117670488	5.6983261418824
7.3900000000000	2.5477772145395	5.6890238442873
7.4000000000000	2.5487425656001	5.6797487243009
7.4100000000000	2.5497077683620	5.6705007056010
7.4200000000000	2.5506727710494	5.6612797115157
7.4300000000000	2.5516375219975	5.6520856650238
7.4400000000000	2.5526019696695	5.6429184887560
7.4500000000000	2.5535660626742	5.6337781049961
7.4600000000000	2.5545297497828	5.6246644356825
7.4700000000000	2.5554929799458	5.6155774024096
7.4800000000000	2.5564557023102	5.6065169264303
7.4900000000000	2.5574178662354	5.5974829286576
7.5000000000000	2.5583794213101	5.5884753296672
7.5100000000000	2.5593403173682	5.5794940496998
7.5200000000000	2.5603005045047	5.5705390086643
7.5300000000000	2.5612599330919	5.5616101261401
7.5400000000000	2.5622185537944	5.5527073213810
7.5500000000000	2.5631763175849	5.5438305133179
7.5600000000000	2.5641331757590	5.5349796205627
7.5700000000000	2.5650890799503	5.5261545614120
7.5800000000000	2.5660439821450	5.5173552538510
7.5900000000000	2.5669978346963	5.5085816155576
7.6000000000000	2.5679505903387	5.4998335639067
7.6100000000000	2.5689022022019	5.4911110159746
7.6200000000000	2.5698526238244	5.4824138885439
7.6300000000000	2.5708018091672	5.4737420981079
7.6400000000000	2.5717497126268	5.4650955608761
7.6500000000000	2.5726962890480	5.4564741927787
7.6600000000000	2.5736414937372	5.4478779094727
7.6700000000000	2.5745852824740	5.4393066263466
7.6800000000000	2.5755276115241	5.4307602585264
7.6900000000000	2.5764684376506	5.4222387208814
7.7000000000000	2.5774077181259	5.4137419280296
7.7100000000000	2.5783454107430	5.4052697943446
7.7200000000000	2.5792814738264	5.3968222339607
7.7300000000000	2.5802158662431	5.3883991607803
7.7400000000000	2.5811485474130	5.3800004884791
7.7500000000000	2.5820794773188	5.3716261305137
7.7600000000000	2.5830086165164	5.3632760001276
7.7700000000000	2.5839359261441	5.3549500103582
7.7800000000000	2.5848613679322	5.3466480740434
7.7900000000000	2.5857849042119	5.3383701038291
7.8000000000000	2.5867064979239	5.3301160121753
7.8100000000000	2.5876261126272	5.3218857113642
7.8200000000000	2.5885437125069	5.3136791135069
7.8300000000000	2.5894592623822	5.3054961305507
7.8400000000000	2.5903727277141	5.2973366742866
7.8500000000000	2.5912840746121	5.2892006563567
7.8600000000000	2.5921932698419	5.2810879882616
7.8700000000000	2.5931002808314	5.2729985813681
7.8800000000000	2.5940050756776	5.2649323469169
7.8900000000000	2.5949076231521	5.2568891960298
7.9000000000000	2.5958078927072	5.2488690397180
7.9100000000000	2.5967058544816	5.2408717888894
7.9200000000000	2.5976014793049	5.2328973543568
7.9300000000000	2.5984947387030	5.2249456468453
7.9400000000000	2.5993856049025	5.2170165770003
7.9500000000000	2.6002740508349	5.2091100553955
7.9600000000000	2.6011600501409	5.2012259925408
7.9700000000000	2.6020435771736	5.1933642988898
7.9800000000000	2.6029246070023	5.1855248848482
7.9900000000000	2.6038031154156	5.1777076607815
8.0000000000000	2.6046790789241	5.1699125370229
8.0100000000000	2.6055524747628	5.1621394238811
8.0200000000000	2.6064232808938	5.1543882316484
8.0300000000000	2.6072914760081	5.1466588706086
8.0400000000000	2.6081570395272	5.1389512510447
8.0500000000000	2.6090199516044	5.1312652832468
8.0600000000000	2.6098801931267	5.1236008775200
8.0700000000000	2.6107377457148	5.1159579441921
8.0800000000000	2.6115925917245	5.1083363936213
8.0900000000000	2.6124447142463	5.1007361362043
8.1000000000000	2.6132940971065	5.0931570823835
8.1100000000000	2.6141407248661	5.0855991426548
8.1200000000000	2.6149845828211	5.0780622275755
8.1300000000000	2.6158256570015	5.0705462477714
8.1400000000000	2.6166639341707	5.0630511139444
8.1500000000000	2.6174994018241	5.0555767368803
8.1600000000000	2.6183320481878	5.0481230274556
8.1700000000000	2.6191618622173	5.0406898966454
8.1800000000000	2.6199888335953	5.0332772555301
8.1900000000000	2.6208129527298	5.0258850153028
8.2000000000000	2.6216342107521	5.0185130872766
8.2100000000000	2.6224525995139	5.0111613828914
8.2200000000000	2.6232681115847	5.0038298137209
8.2300000000000	2.6240807402492	4.9965182914795
8.2400000000000	2.6248904795037	4.9892267280289
8.2500000000000	2.6256973240534	4.9819550353853
8.2600000000000	2.6265012693082	4.9747031257253
8.2700000000000	2.6273023113797	4.9674709113933
8.2800000000000	2.6281004470766	4.9602583049072
8.2900000000000	2.6288956739015	4.9530652189651
8.3000000000000	2.6296879900457	4.9458915664514
8.3100000000000	2.6304773943855	4.9387372604431
8.3200000000000	2.6312638864772	4.9316022142161
8.3300000000000	2.6320474665528	4.9244863412504
8.3400000000000	2.6328281355145	4.9173895552368
8.3500000000000	2.6336058949301	4.9103117700822
8.3600000000000	2.6343807470276	4.9032528999155
8.3700000000000	2.6351526946898	4.8962128590929
8.3800000000000	2.6359217414490	4.8891915622035
8.3900000000000	2.6366878914812	4.8821889240749
8.4000000000000	2.6374511496001	4.8752048597777
8.4100000000000	2.6382115212517	4.8682392846317
8.4200000000000	2.6389690125082	4.8612921142099
8.4300000000000	2.6397236300613	4.8543632643442
8.4400000000000	2.6404753812167	4.8474526511296
8.4500000000000	2.6412242738872	4.8405601909295
8.4600000000000	2.6419703165864	4.8336858003797
8.4700000000000	2.6427135184224	4.8268293963932
8.4800000000000	2.6434538890908	4.8199908961648
8.4900000000000	2.6441914388680	4.8131702171747
8.5000000000000	2.6449261786044	4.8063672771934
8.5100000000000	2.6456581197178	4.7995819942851
8.5200000000000	2.6463872741859	4.7928142868120
8.5300000000000	2.6471136545394	4.7860640734382
8.5400000000000	2.6478372738552	4.7793312731330
8.5500000000000	2.6485581457488	4.7726158051749
8.5600000000000	2.6492762843670	4.7659175891548
8.5700000000000	2.6499917043811	4.7592365449796
8.5800000000000	2.6507044209790	4.7525725928755
8.5900000000000	2.6514144498580	4.7459256533909
8.6000000000000	2.6521218072174	4.7392956473997
8.6100000000000	2.6528265097510	4.7326824961041
8.6200000000000	2.6535285746392	4.7260861210376
8.6300000000000	2.6542280195422	4.7195064440677
8.6400000000000	2.6549248625916	4.7129433873983
8.6500000000000	2.6556191223832	4.7063968735729
8.6600000000000	2.6563108179694	4.6998668254761
8.6700000000000	2.6569999688515	4.6933531663366
8.6800000000000	2.6576865949717	4.6868558197294
8.6900000000000	2.6583707167060	4.6803747095777
8.7000000000000	2.6590523548560	4.6739097601548
8.7100000000000	2.6597315306416	4.6674608960867
8.7200000000000	2.6604082656931	4.6610280423533
8.7300000000000	2.6610825820433	4.6546111242902
8.7400000000000	2.6617545021205	4.6482100675909
8.7500000000000	2.6624240487402	4.6418247983078
8.7600000000000	2.6630912450976	4.6354552428537
8.7700000000000	2.6637561147601	4.6291013280039
8.7800000000000	2.6644186816595	4.6227629808963
8.7900000000000	2.6650789700847	4.6164401290339
8.8000000000000	2.6657370046737	4.6101327002849
8.8100000000000	2.6663928104064	4.6038406228844
8.8200000000000	2.6670464125968	4.5975638254349
8.8300000000000	2.6676978368858	4.5913022369077
8.8400000000000	2.6683471092335	4.5850557866432
8.8500000000000	2.6689942559120	4.5788244043519
8.8600000000000	2.6696393034978	4.5726080201150
8.8700000000000	2.6702822788645	4.5664065643851
8.8800000000000	2.6709232091758	4.5602199679864
8.8900000000000	2.6715621218779	4.5540481621154
8.9000000000000	2.6721990446923	4.5478910783413
8.9100000000000	2.6728340056090	4.5417486486059
8.9200000000000	2.6734670328790	4.5356208052243
8.9300000000000	2.6740981550075	4.5295074808849
8.9400000000000	2.6747274007468	4.5234086086493
8.9500000000000	2.6753547990895	4.5173241219528
8.9600000000000	2.6759803792614	4.5112539546038
8.9700000000000	2.6766041707150	4.5051980407842
8.9800000000000	2.6772262031224	4.4991563150489
8.9900000000000	2.6778465063687	4.4931287123260
9.0000000000000	2.6784651105458	4.4871151679161
9.0100000000000	2.6790820459452	4.4811156174926
9.0200000000000	2.6796973430519	4.4751299971005
9.0300000000000	2.6803110325379	4.4691582431569
9.0400000000000	2.6809231452559	4.4632002924500
9.0500000000000	2.6815337122329	4.4572560821387
9.0600000000000	2.6821427646642	4.4513255497522
9.0700000000000	2.6827503339067	4.4454086331892
9.0800000000000	2.6833564514739	4.4395052707176
9.0900000000000	2.6839611490288	4.4336154009736
9.1000000000000	2.6845644583788	4.4277389629610
9.1100000000000	2.6851664114693	4.4218758960505
9.1200000000000	2.6857670403783	4.4160261399790
9.1300000000000	2.6863663773109	4.4101896348487
9.1400000000000	2.6869644545929	4.4043663211263
9.1500000000000	2.6875613046664	4.3985561396422
9.1600000000000	2.6881569600833	4.3927590315894
9.1700000000000	2.6887514535009	4.3869749385228
9.1800000000000	2.6893448176758	4.3812038023581
9.1900000000000	2.6899370854594	4.3754455653708
9.2000000000000	2.6905282897922	4.3697001701954
9.2100000000000	2.6911184636992	4.3639675598241
9.2200000000000	2.6917076402849	4.3582476776059
9.2300000000000	2.6922958527282	4.3525404672455
9.2400000000000	2.6928831342780	4.3468458728023
9.2500000000000	2.6934695182481	4.3411638386890
9.2600000000000	2.6940550380129	4.3354943096710
9.2700000000000	2.6946397270028	4.3298372308646
9.2800000000000	2.6952236186997	4.3241925477364
9.2900000000000	2.6958067466328	4.3185602061019
9.3000000000000	2.6963891443740	4.3129401521243
9.3100000000000	2.6969708455343	4.3073323323135
9.3200000000000	2.6975518837590	4.3017366935245
9.3300000000000	2.6981322927242	4.2961531829567
9.3400000000000	2.6987121061328	4.2905817481524
9.3500000000000	2.6992913577104	4.2850223369955
9.3600000000000	2.6998700812018	4.2794748977106
9.3700000000000	2.7004483103671	4.2739393788615
9.3800000000000	2.7010260789784	4.2684157293500
9.3900000000000	2.7016034208161	4.2629038984149
9.4000000000000	2.7021803696654	4.2574038356304
9.4100000000000	2.7027569593131	4.2519154909052
9.4200000000000	2.7033332235444	4.2464388144812
9.4300000000000	2.7039091961393	4.2409737569320
9.4400000000000	2.7044849108703	4.2355202691621
9.4500000000000	2.7050604014985	4.2300783024056
9.4600000000000	2.7056357017712	4.2246478082244
9.4700000000000	2.7062108454191	4.2192287385080
9.4800000000000	2.7067858661532	4.2138210454716
9.4900000000000	2.7073607976622	4.2084246816548
9.5000000000000	2.7079356736100	4.2030395999212
9.5100000000000	2.7085105276333	4.1976657534564
9.5200000000000	2.7090853933389	4.1923030957674
9.5300000000000	2.7096603043012	4.1869515806810
9.5400000000000	2.7102352940603	4.1816111623430
9.5500000000000	2.7108103961196	4.1762817952172
9.5600000000000	2.7113856439436	4.1709634340839
9.5700000000000	2.7119610709560	4.1656560340389
9.5800000000000	2.7125367105374	4.1603595504927
9.5900000000000	2.7131125960238	4.1550739391692
9.6000000000000	2.7136887607044	4.1497991561048
9.6100000000000	2.7142652378201	4.1445351576472
9.6200000000000	2.7148420605617	4.1392819004545
9.6300000000000	2.7154192620684	4.1340393414945
9.6400000000000	2.7159968754259	4.1288074380431
9.6500000000000	2.7165749336655	4.1235861476839
9.6600000000000	2.7171534697622	4.1183754283073
9.6700000000000	2.7177325166335	4.1131752381091
9.6800000000000	2.7183121071385	4.1079855355902
9.6900000000000	2.7188922740762	4.1028062795553
9.7000000000000	2.7194730501847	4.0976374291127
9.7100000000000	2.7200544681400	4.0924789436727
9.7200000000000	2.7206365605553	4.0873307829474
9.7300000000000	2.7212193599795	4.0821929069498
9.7400000000000	2.7218028988972	4.0770652759932
9.7500000000000	2.7223872097270	4.0719478506902
9.7600000000000	2.7229723248217	4.0668405919526
9.7700000000000	2.7235582764668	4.0617434609900
9.7800000000000	2.7241450968806	4.0566564193102
9.7900000000000	2.7247328182132	4.0515794287178
9.8000000000000	2.7253214725464	4.0465124513139
9.8100000000000	2.7259110918929	4.0414554494959
9.8200000000000	2.7265017081965	4.0364083859569
9.8300000000000	2.7270933533314	4.0313712236850
9.8400000000000	2.7276860591021	4.0263439259633
9.8500000000000	2.7282798572434	4.0213264563694
9.8600000000000	2.7288747794199	4.0163187787750
9.8700000000000	2.7294708572265	4.0113208573459
9.8800000000000	2.7300681221882	4.0063326565415
9.8900000000000	2.7306666057599	4.0013541411144
9.9000000000000	2.7312663393269	3.9963852761111
9.9100000000000	2.7318673542049	3.9914260268710
9.9200000000000	2.7324696816406	3.9864763590266
9.9300000000000	2.7330733528112	3.9815362385038
9.9400000000000	2.7336783988257	3.9766056315214
9.9500000000000	2.7342848507245	3.9716845045916
9.9600000000000	2.7348927394806	3.9667728245199
9.9700000000000	2.7355020959992	3.9618705584052
9.9800000000000	2.7361129511193	3.9569776736402
9.9900000000000	2.7367253356134	3.9520941379115
10.000000000000	2.7373392801886	3.9472199191997
10.010000000000	2.7379548154873	3.9423549857805
10.020000000000	2.7385719720876	3.9374993062240
10.030000000000	2.7391907805048	3.9326528493961
10.040000000000	2.7398112711913	3.9278155844585
10.050000000000	2.7404334745382	3.9229874808694
10.060000000000	2.7410574208760	3.9181685083842
10.070000000000	2.7416831404753	3.9133586370557
10.080000000000	2.7423106635483	3.9085578372356
10.090000000000	2.7429400202496	3.9037660795746
10.100000000000	2.7435712406769	3.8989833350236
10.110000000000	2.7442043548729	3.8942095748344
10.120000000000	2.7448393928258	3.8894447705608
10.130000000000	2.7454763844709	3.8846888940595
10.140000000000	2.7461153596915	3.8799419174911
10.150000000000	2.7467563483203	3.8752038133216
10.160000000000	2.7473993801410	3.8704745543233
10.170000000000	2.7480444848891	3.8657541135760
10.180000000000	2.7486916922536	3.8610424644685
10.190000000000	2.7493410318782	3.8563395807002
10.200000000000	2.7499925333629	3.8516454362819
10.210000000000	2.7506462262654	3.8469600055382
10.220000000000	2.7513021401024	3.8422832631084
10.230000000000	2.7519603043513	3.8376151839486
10.240000000000	2.7526207484516	3.8329557433332
10.250000000000	2.7532835018064	3.8283049168570
10.260000000000	2.7539485937843	3.8236626804368
10.270000000000	2.7546160537204	3.8190290103135
10.280000000000	2.7552859109183	3.8144038830543
10.290000000000	2.7559581946517	3.8097872755546
10.300000000000	2.7566329341658	3.8051791650404
10.310000000000	2.7573101586793	3.8005795290703
10.320000000000	2.7579898973857	3.7959883455384
10.330000000000	2.7586721794551	3.7914055926762
10.340000000000	2.7593570340359	3.7868312490554
10.350000000000	2.7600444902564	3.7822652935905
10.360000000000	2.7607345772267	3.7777077055417
10.370000000000	2.7614273240402	3.7731584645173
10.380000000000	2.7621227597751	3.7686175504769
10.390000000000	2.7628209134965	3.7640849437342
10.400000000000	2.7635218142579	3.7595606249603
10.410000000000	2.7642254911028	3.7550445751866
10.420000000000	2.7649319730665	3.7505367758081
10.430000000000	2.7656412891778	3.7460372085871
10.440000000000	2.7663534684604	3.7415458556562
10.450000000000	2.7670685399348	3.7370626995219
10.460000000000	2.7677865326201	3.7325877230687
10.470000000000	2.7685074755351	3.7281209095621
10.480000000000	2.7692313977002	3.7236622426531
10.490000000000	2.7699583281392	3.7192117063819
10.500000000000	2.7706882958802	3.7147692851819
10.510000000000	2.7714213299581	3.7103349638838
10.520000000000	2.7721574594150	3.7059087277200
10.530000000000	2.7728967133024	3.7014905623292
10.540000000000	2.7736391206827	3.6970804537601
10.550000000000	2.7743847106299	3.6926783884769
10.560000000000	2.7751335122316	3.6882843533633
10.570000000000	2.7758855545902	3.6838983357277
10.580000000000	2.7766408668240	3.6795203233079
10.590000000000	2.7773994780684	3.6751503042763
10.600000000000	2.7781614174773	3.6707882672448
10.610000000000	2.7789267142242	3.6664342012704
10.620000000000	2.7796953975028	3.6620880958601
10.630000000000	2.7804674965288	3.6577499409770
10.640000000000	2.7812430405401	3.6534197270452
10.650000000000	2.7820220587980	3.6490974449562
10.660000000000	2.7828045805882	3.6447830860741
10.670000000000	2.7835906352210	3.6404766422421
10.680000000000	2.7843802520324	3.6361781057883
10.690000000000	2.7851734603846	3.6318874695320
10.700000000000	2.7859702896662	3.6276047267898
10.710000000000	2.7867707692931	3.6233298713825
10.720000000000	2.7875749287081	3.6190628976412
10.730000000000	2.7883827973819	3.6148038004141
10.740000000000	2.7891944048126	3.6105525750738
10.750000000000	2.7900097805261	3.6063092175232
10.760000000000	2.7908289540757	3.6020737242038
10.770000000000	2.7916519550419	3.5978460921019
10.780000000000	2.7924788130325	3.5936263187564
10.790000000000	2.7933095576816	3.5894144022662
10.800000000000	2.7941442186493	3.5852103412974
10.810000000000	2.7949828256209	3.5810141350915
10.820000000000	2.7958254083061	3.5768257834729
10.830000000000	2.7966719964380	3.5726452868569
10.840000000000	2.7975226197721	3.5684726462577
10.850000000000	2.7983773080846	3.5643078632967
10.860000000000	2.7992360911717	3.5601509402105
10.870000000000	2.8000989988472	3.5560018798599
10.880000000000	2.8009660609413	3.5518606857377
10.890000000000	2.8018373072985	3.5477273619781
10.900000000000	2.8027127677754	3.5436019133647
10.910000000000	2.8035924722386	3.5394843453403
10.920000000000	2.8044764505622	3.5353746640151
10.930000000000	2.8053647326250	3.5312728761764
10.940000000000	2.8062573483080	3.5271789892974
10.950000000000	2.8071543274906	3.5230930115470
10.960000000000	2.8080557000485	3.5190149517989
10.970000000000	2.8089614958491	3.5149448196416
10.980000000000	2.8098717447484	3.5108826253875
10.990000000000	2.8107864765871	3.5068283800834
11.000000000000	2.8117057211863	3.5027820955198
11.010000000000	2.8126295083429	3.4987437842413
11.020000000000	2.8135578678256	3.4947134595564
11.030000000000	2.8144908293693	3.4906911355481
11.040000000000	2.8154284226705	3.4866768270836
11.050000000000	2.8163706773817	3.4826705498255
11.060000000000	2.8173176231058	3.4786723202415
11.070000000000	2.8182692893900	3.4746821556153
11.080000000000	2.8192257057199	3.4707000740574
11.090000000000	2.8201869015126	3.4667260945154
11.100000000000	2.8211529061103	3.4627602367852
11.110000000000	2.8221237487729	3.4588025215216
11.120000000000	2.8230994586709	3.4548529702494
11.130000000000	2.8240800648775	3.4509116053742
11.140000000000	2.8250655963603	3.4469784501936
11.150000000000	2.8260560819735	3.4430535289082
11.160000000000	2.8270515504489	3.4391368666328
11.170000000000	2.8280520303868	3.4352284894077
11.180000000000	2.8290575502467	3.4313284242095
11.190000000000	2.8300681383378	3.4274366989630
11.200000000000	2.8310838228084	3.4235533425517
11.210000000000	2.8321046316359	3.4196783848299
11.220000000000	2.8331305926156	3.4158118566333
11.230000000000	2.8341617333498	3.4119537897907
11.240000000000	2.8351980812362	3.4081042171352
11.250000000000	2.8362396634554	3.4042631725156
11.260000000000	2.8372865069592	3.4004306908075
11.270000000000	2.8383386384573	3.3966068079246
11.280000000000	2.8393960844041	3.3927915608300
11.290000000000	2.8404588709853	3.3889849875472
11.300000000000	2.8415270241039	3.3851871271717
11.310000000000	2.8426005693652	3.3813980198812
11.320000000000	2.8436795320622	3.3776177069477
11.330000000000	2.8447639371602	3.3738462307473
11.340000000000	2.8458538092810	3.3700836347719
11.350000000000	2.8469491726863	3.3663299636396
11.360000000000	2.8480500512614	3.3625852631053
11.370000000000	2.8491564684973	3.3588495800711
11.380000000000	2.8502684474736	3.3551229625970
11.390000000000	2.8513860108401	3.3514054599109
11.400000000000	2.8525091807978	3.3476971224189
11.410000000000	2.8536379790801	3.3439980017147
11.420000000000	2.8547724269330	3.3403081505900
11.430000000000	2.8559125450946	3.3366276230437
11.440000000000	2.8570583537751	3.3329564742912
11.450000000000	2.8582098726347	3.3292947607738
11.460000000000	2.8593671207626	3.3256425401671
11.470000000000	2.8605301166541	3.3219998713902
11.480000000000	2.8616988781885	3.3183668146138
11.490000000000	2.8628734226051	3.3147434312683
11.500000000000	2.8640537664798	3.3111297840517
11.510000000000	2.8652399257005	3.3075259369372
11.520000000000	2.8664319154422	3.3039319551801
11.530000000000	2.8676297501416	3.3003479053249
11.540000000000	2.8688334434708	3.2967738552118
11.550000000000	2.8700430083111	3.2932098739827
11.560000000000	2.8712584567255	3.2896560320870
11.570000000000	2.8724797999313	3.2861124012869
11.580000000000	2.8737070482718	3.2825790546622
11.590000000000	2.8749402111872	3.2790560666152
11.600000000000	2.8761792971860	3.2755435128741
11.610000000000	2.8774243138141	3.2720414704966
11.620000000000	2.8786752676252	3.2685500178736
11.630000000000	2.8799321641494	3.2650692347305
11.640000000000	2.8811950078616	3.2615992021303
11.650000000000	2.8824638021498	3.2581400024741
11.660000000000	2.8837385492819	3.2546917195025
11.670000000000	2.8850192503729	3.2512544382953
11.680000000000	2.8863059053512	3.2478282452714
11.690000000000	2.8875985129241	3.2444132281874
11.700000000000	2.8888970705433	3.2410094761363
11.710000000000	2.8902015743693	3.2376170795444
11.720000000000	2.8915120192359	3.2342361301685
11.730000000000	2.8928283986135	3.2308667210922
11.740000000000	2.8941507045728	3.2275089467207
11.750000000000	2.8954789277469	3.2241629027753
11.760000000000	2.8968130572941	3.2208286862880
11.770000000000	2.8981530808590	3.2175063955930
11.780000000000	2.8994989845344	3.2141961303201
11.790000000000	2.9008507528216	3.2108979913848
11.800000000000	2.9022083685912	3.2076120809789
11.810000000000	2.9035718130427	3.2043385025601
11.820000000000	2.9049410656643	3.2010773608396
11.830000000000	2.9063161041920	3.1978287617702
11.840000000000	2.9076969045684	3.1945928125324
11.850000000000	2.9090834409011	3.1913696215192
11.860000000000	2.9104756854206	3.1881592983212
11.870000000000	2.9118736084386	3.1849619537093
11.880000000000	2.9132771783048	3.1817776996166
11.890000000000	2.9146863613643	3.1786066491199
11.900000000000	2.9161011219148	3.1754489164190
11.910000000000	2.9175214221629	3.1723046168153
11.920000000000	2.9189472221807	3.1691738666897
11.930000000000	2.9203784798622	3.1660567834781
11.940000000000	2.9218151508790	3.1629534856469
11.950000000000	2.9232571886369	3.1598640926663
11.960000000000	2.9247045442310	3.1567887249828
11.970000000000	2.9261571664024	3.1537275039900
11.980000000000	2.9276150014929	3.1506805519987
11.990000000000	2.9290779934019	3.1476479922049
12.000000000000	2.9305460835409	3.1446299486567
12.010000000000	2.9320192107905	3.1416265462202
12.020000000000	2.9334973114553	3.1386379105432
12.030000000000	2.9349803192206	3.1356641680182
12.040000000000	2.9364681651084	3.1327054457431
12.050000000000	2.9379607774336	3.1297618714816
12.060000000000	2.9394580817606	3.1268335736210
12.070000000000	2.9409600008608	3.1239206811288
12.080000000000	2.9424664546690	3.1210233235084
12.090000000000	2.9439773602416	3.1181416307520
12.100000000000	2.9454926317145	3.1152757332934
12.110000000000	2.9470121802615	3.1124257619580
12.120000000000	2.9485359140532	3.1095918479121
12.130000000000	2.9500637382169	3.1067741226099
12.140000000000	2.9515955547963	3.1039727177394
12.150000000000	2.9531312627128	3.1011877651668
12.160000000000	2.9546707577264	3.0984193968786
12.170000000000	2.9562139323987	3.0956677449228
12.180000000000	2.9577606760554	3.0929329413480
12.190000000000	2.9593108747504	3.0902151181413
12.200000000000	2.9608644112308	3.0875144071643
12.210000000000	2.9624211649028	3.0848309400876
12.220000000000	2.9639810117983	3.0821648483234
12.230000000000	2.9655438245428	3.0795162629573
12.240000000000	2.9671094723251	3.0768853146771
12.250000000000	2.9686778208670	3.0742721337018
12.260000000000	2.9702487323950	3.0716768497074
12.270000000000	2.9718220656136	3.0690995917522
12.280000000000	2.9733976756789	3.0665404882000
12.290000000000	2.9749754141750	3.0639996666420
12.300000000000	2.9765551290907	3.0614772538173
12.310000000000	2.9781366647988	3.0589733755316
12.320000000000	2.9797198620360	3.0564881565745
12.330000000000	2.9813045578853	3.0540217206359
12.340000000000	2.9828905857598	3.0515741902201
12.350000000000	2.9844777753885	3.0491456865595
12.360000000000	2.9860659528034	3.0467363295258
12.370000000000	2.9876549403295	3.0443462375414
12.380000000000	2.9892445565757	3.0419755274880
12.390000000000	2.9908346164289	3.0396243146150
12.400000000000	2.9924249310488	3.0372927124465
12.410000000000	2.9940153078665	3.0349808326870
12.420000000000	2.9956055505839	3.0326887851259
12.430000000000	2.9971954591761	3.0304166775417
12.440000000000	2.9987848298961	3.0281646156042
12.450000000000	3.0003734552814	3.0259327027764
12.460000000000	3.0019611241640	3.0237210402159
12.470000000000	3.0035476216818	3.0215297266744
12.480000000000	3.0051327292930	3.0193588583975
12.490000000000	3.0067162247936	3.0172085290234
12.500000000000	3.0082978823363	3.0150788294812
12.510000000000	3.0098774724536	3.0129698478882
12.520000000000	3.0114547620822	3.0108816694474
12.530000000000	3.0130295145910	3.0088143763441
12.540000000000	3.0146014898118	3.0067680476427
12.550000000000	3.0161704440726	3.0047427591828
12.560000000000	3.0177361302335	3.0027385834756
12.570000000000	3.0192982977268	3.0007555895997
12.580000000000	3.0208566925978	2.9987938430977
12.590000000000	3.0224110575510	2.9968534058722
12.600000000000	3.0239611319971	2.9949343360826
12.610000000000	3.0255066521047	2.9930366880415
12.620000000000	3.0270473508539	2.9911605121126
12.630000000000	3.0285829580932	2.9893058546080
12.640000000000	3.0301132005995	2.9874727576865
12.650000000000	3.0316378021414	2.9856612592530
12.660000000000	3.0331564835448	2.9838713928580
12.670000000000	3.0346689627622	2.9821031875983
12.680000000000	3.0361749549447	2.9803566680190
12.690000000000	3.0376741725171	2.9786318540161
12.700000000000	3.0391663252557	2.9769287607403
