#Parameters = {a=0.5; d=0.035; h=9; p=3; phi=0; r_1=2; r_2=2.7; s=0.2; t=0.2; theta=0; w=12}
#"Frequency / GHz"	"S1,1 [Re]"	"S1,1 [Im]"
#-----------------------------------------
2.7000000000000	0.35527665932229	-0.24808531011825
2.7100000000000	0.35299856968156	-0.24276425823814
2.7200000000000	0.35065730046145	-0.23753651533821
2.7300000000000	0.34825540749513	-0.23240241547587
2.7400000000000	0.34579542336849	-0.22736222467503
2.7500000000000	0.34327985571054	-0.22241614266750
2.7600000000000	0.34071118557767	-0.21756430466395
2.7700000000000	0.33809186593124	-0.21280678315000
2.7800000000000	0.33542432020730	-0.20814358970299
2.7900000000000	0.33271094097743	-0.20357467682511
2.8000000000000	0.32995408869923	-0.19909993978893
2.8100000000000	0.32715609055512	-0.19471921849129
2.8200000000000	0.32431923937769	-0.19043229931186
2.8300000000000	0.32144579265991	-0.18623891697277
2.8400000000000	0.31853797164831	-0.18213875639591
2.8500000000000	0.31559796051705	-0.17813145455466
2.8600000000000	0.31262790562102	-0.17421660231696
2.8700000000000	0.30962991482552	-0.17039374627689
2.8800000000000	0.30660605691053	-0.16666239057201
2.8900000000000	0.30355836104715	-0.16302199868388
2.9000000000000	0.30048881634388	-0.15947199521951
2.9100000000000	0.29739937146045	-0.15601176767138
2.9200000000000	0.29429193428660	-0.15264066815404
2.9300000000000	0.29116837168360	-0.14935801511552
2.9400000000000	0.28803050928587	-0.14616309502157
2.9500000000000	0.28488013136037	-0.14305516401144
2.9600000000000	0.28171898072121	-0.14003344952350
2.9700000000000	0.27854875869716	-0.13709715188965
2.9800000000000	0.27537112514949	-0.13424544589717
2.9900000000000	0.27218769853781	-0.13147748231710
3.0000000000000	0.26900005603155	-0.12879238939826
3.0100000000000	0.26580973366464	-0.12618927432607
3.0200000000000	0.26261822653115	-0.12366722464557
3.0300000000000	0.25942698901960	-0.12122530964811
3.0400000000000	0.25623743508364	-0.11886258172122
3.0500000000000	0.25305093854707	-0.11657807766138
3.0600000000000	0.24986883344082	-0.11437081994936
3.0700000000000	0.24669241437009	-0.11223981798817
3.0800000000000	0.24352293690937	-0.11018406930328
3.0900000000000	0.24036161802353	-0.10820256070540
3.1000000000000	0.23720963651300	-0.10629426941569
3.1100000000000	0.23406813348117	-0.10445816415371
3.1200000000000	0.23093821282224	-0.10269320618827
3.1300000000000	0.22782094172785	-0.10099835035141
3.1400000000000	0.22471735121059	-0.099372546016019
3.1500000000000	0.22162843664313	-0.097814738037282
3.1600000000000	0.21855515831106	-0.096323867658537
3.1700000000000	0.21549844197822	-0.094898873381966
3.1800000000000	0.21245917946295	-0.093538691804652
3.1900000000000	0.20943822922393	-0.092242258420559
3.2000000000000	0.20643641695433	-0.091008508389025
3.2100000000000	0.20345453618298	-0.089836377270385
3.2200000000000	0.20049334888140	-0.088724801729360
3.2300000000000	0.19755358607560	-0.087672720206890
3.2400000000000	0.19463594846142	-0.086679073561075
3.2500000000000	0.19174110702262	-0.085742805677940
3.2600000000000	0.18886970365058	-0.084862864052733
3.2700000000000	0.18602235176480	-0.084038200342468
3.2800000000000	0.18319963693319	-0.083267770890465
3.2900000000000	0.18040211749163	-0.082550537223607
3.3000000000000	0.17763032516166	-0.081885466523077
3.3100000000000	0.17488476566595	-0.081271532069298
3.3200000000000	0.17216591934060	-0.080707713661845
3.3300000000000	0.16947424174386	-0.080192998015056
3.3400000000000	0.16681016426045	-0.079726379130107
3.3500000000000	0.16417409470127	-0.079306858644257
3.3600000000000	0.16156641789762	-0.078933446158035
3.3700000000000	0.15898749628980	-0.078605159541068
3.3800000000000	0.15643767050944	-0.078321025217279
3.3900000000000	0.15391725995524	-0.078080078430175
3.4000000000000	0.15142656336184	-0.077881363488906
3.4100000000000	0.14896585936137	-0.077723933995811
3.4200000000000	0.14653540703742	-0.077606853056107
3.4300000000000	0.14413544647123	-0.077529193470413
3.4400000000000	0.14176619927980	-0.077490037910747
3.4500000000000	0.13942786914570	-0.077488479080642
3.4600000000000	0.13712064233841	-0.077523619860031
3.4700000000000	0.13484468822706	-0.077594573435480
3.4800000000000	0.13260015978440	-0.077700463416418
3.4900000000000	0.13038719408185	-0.077840423937909
3.5000000000000	0.12820591277558	-0.078013599750570
3.5100000000000	0.12605642258351	-0.078219146298187
3.5200000000000	0.12393881575322	-0.078456229783563
3.5300000000000	0.12185317052064	-0.078724027223146
3.5400000000000	0.11979955155955	-0.079021726490942
3.5500000000000	0.11777801042189	-0.079348526352218
3.5600000000000	0.11578858596879	-0.079703636487473
3.5700000000000	0.11383130479251	-0.080086277507172
3.5800000000000	0.11190618162902	-0.080495680957667
3.5900000000000	0.11001321976167	-0.080931089318779
3.6000000000000	0.10815241141554	-0.081391755993450
3.6100000000000	0.10632373814291	-0.081876945289889
3.6200000000000	0.10452717119968	-0.082385932396611
3.6300000000000	0.10276267191292	-0.082918003350758
3.6400000000000	0.10103019203960	-0.083472455000068
3.6500000000000	0.099329674116584	-0.084048594958864
3.6600000000000	0.097661051801994	-0.084645741558408
3.6700000000000	0.096024250208068	-0.085263223791946
3.6800000000000	0.094419186225555	-0.085900381254776
3.6900000000000	0.092845768839826	-0.086556564079654
3.7000000000000	0.091303899438779	-0.087231132867817
3.7100000000000	0.089793472112658	-0.087923458615933
3.7200000000000	0.088314373945933	-0.088632922639241
3.7300000000000	0.086866485301337	-0.089358916491144
3.7400000000000	0.085449680096209	-0.090100841879516
3.7500000000000	0.084063826071263	-0.090858110579964
3.7600000000000	0.082708785051920	-0.091630144346277
3.7700000000000	0.081384413202335	-0.092416374818281
3.7800000000000	0.080090561272253	-0.093216243427326
3.7900000000000	0.078827074836834	-0.094029201299598
3.8000000000000	0.077593794529581	-0.094854709157452
3.8100000000000	0.076390556268505	-0.095692237218959
3.8200000000000	0.075217191475666	-0.096541265095845
3.8300000000000	0.074073527290238	-0.097401281689980
3.8400000000000	0.072959386775213	-0.098271785088594
3.8500000000000	0.071874589117903	-0.099152282458365
3.8600000000000	0.070818949824359	-0.10004228993853
3.8700000000000	0.069792280907850	-0.10094133253316
3.8800000000000	0.068794391071544	-0.10184894400271
3.8900000000000	0.067825085885499	-0.10276466675502
3.9000000000000	0.066884167958130	-0.10368805173582
3.9100000000000	0.065971437102253	-0.10461865831894
3.9200000000000	0.065086690495852	-0.10555605419622
3.9300000000000	0.064229722837696	-0.10649981526729
3.9400000000000	0.063400326497921	-0.10744952552937
3.9500000000000	0.062598291663717	-0.10840477696705
3.9600000000000	0.061823406480234	-0.10936516944224
3.9700000000000	0.061075457186824	-0.11033031058432
3.9800000000000	0.060354228248756	-0.11129981568059
3.9900000000000	0.059659502484496	-0.11227330756706
4.0000000000000	0.058991061188692	-0.11325041651974
4.0100000000000	0.058348684250963	-0.11423078014632
4.0200000000000	0.057732150270609	-0.11521404327851
4.0300000000000	0.057141236667347	-0.11619985786489
4.0400000000000	0.056575719788193	-0.11718788286450
4.0500000000000	0.056035375010573	-0.11817778414107
4.0600000000000	0.055519976841795	-0.11916923435810
4.0700000000000	0.055029299014964	-0.12016191287458
4.0800000000000	0.054563114581437	-0.12115550564174
4.0900000000000	0.054121195999937	-0.12214970510048
4.1000000000000	0.053703315222397	-0.12314421007983
4.1100000000000	0.053309243776642	-0.12413872569629
4.1200000000000	0.052938752845998	-0.12513296325414
4.1300000000000	0.052591613345915	-0.12612664014675
4.1400000000000	0.052267595997690	-0.12711947975884
4.1500000000000	0.051966471399376	-0.12811121136988
4.1600000000000	0.051688010093975	-0.12910157005841
4.1700000000000	0.051431982634963	-0.13009029660752
4.1800000000000	0.051198159649267	-0.13107713741137
4.1900000000000	0.050986311897736	-0.13206184438280
4.2000000000000	0.050796210333212	-0.13304417486210
4.2100000000000	0.050627626156245	-0.13402389152677
4.2200000000000	0.050480330868553	-0.13500076230256
4.2300000000000	0.050354096324275	-0.13597456027551
4.2400000000000	0.050248694779103	-0.13694506360522
4.2500000000000	0.050163898937337	-0.13791205543918
4.2600000000000	0.050099481996961	-0.13887532382831
4.2700000000000	0.050055217692765	-0.13983466164359
4.2800000000000	0.050030880337611	-0.14078986649389
4.2900000000000	0.050026244861873	-0.14174074064489
4.3000000000000	0.050041086851135	-0.14268709093921
4.3100000000000	0.050075182582178	-0.14362872871757
4.3200000000000	0.050128309057336	-0.14456546974125
4.3300000000000	0.050200244037263	-0.14549713411555
4.3400000000000	0.050290766072152	-0.14642354621442
4.3500000000000	0.050399654531489	-0.14734453460625
4.3600000000000	0.050526689632355	-0.14825993198077
4.3700000000000	0.050671652466346	-0.14916957507700
4.3800000000000	0.050834325025157	-0.15007330461240
4.3900000000000	0.051014490224867	-0.15097096521305
4.4000000000000	0.051211931928971	-0.15186240534497
4.4100000000000	0.051426434970210	-0.15274747724650
4.4200000000000	0.051657785171230	-0.15362603686170
4.4300000000000	0.051905769364115	-0.15449794377496
4.4400000000000	0.052170175408841	-0.15536306114650
4.4500000000000	0.052450792210672	-0.15622125564904
4.4600000000000	0.052747409736547	-0.15707239740539
4.4700000000000	0.053059819030499	-0.15791635992722
4.4800000000000	0.053387812228122	-0.15875302005467
4.4900000000000	0.053731182570142	-0.15958225789710
4.5000000000000	0.054089724415105	-0.16040395677474
4.5100000000000	0.054463233251228	-0.16121800316141
4.5200000000000	0.054851505707439	-0.16202428662807
4.5300000000000	0.055254339563632	-0.16282269978752
4.5400000000000	0.055671533760172	-0.16361313823985
4.5500000000000	0.056102888406677	-0.16439550051896
4.5600000000000	0.056548204790097	-0.16516968803994
4.5700000000000	0.057007285382132	-0.16593560504739
4.5800000000000	0.057479933845992	-0.16669315856458
4.5900000000000	0.057965955042551	-0.16744225834359
4.6000000000000	0.058465155035891	-0.16818281681621
4.6100000000000	0.058977341098283	-0.16891474904582
4.6200000000000	0.059502321714610	-0.16963797268001
4.6300000000000	0.060039906586267	-0.17035240790412
4.6400000000000	0.060589906634549	-0.17105797739555
4.6500000000000	0.061152134003554	-0.17175460627890
4.6600000000000	0.061726402062614	-0.17244222208192
4.6700000000000	0.062312525408284	-0.17312075469225
4.6800000000000	0.062910319865896	-0.17379013631489
4.6900000000000	0.063519602490704	-0.17445030143051
4.7000000000000	0.064140191568627	-0.17510118675445
4.7100000000000	0.064771906616626	-0.17574273119650
4.7200000000000	0.065414568382708	-0.17637487582135
4.7300000000000	0.066067998845589	-0.17699756380986
4.7400000000000	0.066732021214021	-0.17761074042090
4.7500000000000	0.067406459925814	-0.17821435295405
4.7600000000000	0.068091140646538	-0.17880835071279
4.7700000000000	0.068785890267952	-0.17939268496853
4.7800000000000	0.069490536906149	-0.17996730892520
4.7900000000000	0.070204909899438	-0.18053217768453
4.8000000000000	0.070928839805982	-0.18108724821197
4.8100000000000	0.071662158401187	-0.18163247930320
4.8200000000000	0.072404698674876	-0.18216783155129
4.8300000000000	0.073156294828233	-0.18269326731447
4.8400000000000	0.073916782270556	-0.18320875068447
4.8500000000000	0.074685997615803	-0.18371424745546
4.8600000000000	0.075463778678961	-0.18420972509358
4.8700000000000	0.076249964472233	-0.18469515270699
4.8800000000000	0.077044395201064	-0.18517050101652
4.8900000000000	0.077846912260006	-0.18563574232682
4.9000000000000	0.078657358228438	-0.18609085049813
4.9100000000000	0.079475576866141	-0.18653580091845
4.9200000000000	0.080301413108745	-0.18697057047634
4.9300000000000	0.081134713063048	-0.18739513753415
4.9400000000000	0.081975324002218	-0.18780948190181
4.9500000000000	0.082823094360891	-0.18821358481104
4.9600000000000	0.083677873730153	-0.18860742889009
4.9700000000000	0.084539512852441	-0.18899099813895
4.9800000000000	0.085407863616341	-0.18936427790497
4.9900000000000	0.086282779051312	-0.18972725485902
5.0000000000000	0.087164113322322	-0.19007991697199
5.0100000000000	0.088051721724420	-0.19042225349183
5.0200000000000	0.088945460677238	-0.19075425492095
5.0300000000000	0.089845187719432	-0.19107591299404
5.0400000000000	0.090750761503063	-0.19138722065635
5.0500000000000	0.091662041787934	-0.19168817204236
5.0600000000000	0.092578889435871	-0.19197876245478
5.0700000000000	0.093501166404969	-0.19225898834403
5.0800000000000	0.094428735743795	-0.19252884728807
5.0900000000000	0.095361461585562	-0.19278833797258
5.1000000000000	0.096299209142265	-0.19303746017153
5.1100000000000	0.097241844698799	-0.19327621472811
5.1200000000000	0.098189235607051	-0.19350460353601
5.1300000000000	0.099141250279971	-0.19372262952104
5.1400000000000	0.10009775818563	-0.19393029662311
5.1500000000000	0.10105862984128	-0.19412760977850
5.1600000000000	0.10202373680734	-0.19431457490251
5.1700000000000	0.10299295168150	-0.19449119887240
5.1800000000000	0.10396614809269	-0.19465748951063
5.1900000000000	0.10494320069511	-0.19481345556845
5.2000000000000	0.10592398516229	-0.19495910670977
5.2100000000000	0.10690837818108	-0.19509445349530
5.2200000000000	0.10789625744572	-0.19521950736701
5.2300000000000	0.10888750165186	-0.19533428063289
5.2400000000000	0.10988199049062	-0.19543878645192
5.2500000000000	0.11087960464269	-0.19553303881942
5.2600000000000	0.11188022577237	-0.19561705255254
5.2700000000000	0.11288373652171	-0.19569084327614
5.2800000000000	0.11389002050458	-0.19575442740880
5.2900000000000	0.11489896230087	-0.19580782214922
5.3000000000000	0.11591044745061	-0.19585104546272
5.3100000000000	0.11692436244817	-0.19588411606809
5.3200000000000	0.11794059473646	-0.19590705342467
5.3300000000000	0.11895903270116	-0.19591987771957
5.3400000000000	0.11997956566503	-0.19592260985522
5.3500000000000	0.12100208388211	-0.19591527143710
5.3600000000000	0.12202647853214	-0.19589788476168
5.3700000000000	0.12305264171483	-0.19587047280460
5.3800000000000	0.12408046644429	-0.19583305920902
5.3900000000000	0.12510984664345	-0.19578566827423
5.4000000000000	0.12614067713845	-0.19572832494441
5.4100000000000	0.12717285365321	-0.19566105479760
5.4200000000000	0.12820627280387	-0.19558388403490
5.4300000000000	0.12924083209338	-0.19549683946978
5.4400000000000	0.13027642990611	-0.19539994851769
5.4500000000000	0.13131296550244	-0.19529323918571
5.4600000000000	0.13235033901343	-0.19517674006252
5.4700000000000	0.13338845143556	-0.19505048030842
5.4800000000000	0.13442720462543	-0.19491448964561
5.4900000000000	0.13546650129457	-0.19476879834859
5.5000000000000	0.13650624500424	-0.19461343723473
5.5100000000000	0.13754634016033	-0.19444843765503
5.5200000000000	0.13858669200820	-0.19427383148498
5.5300000000000	0.13962720662769	-0.19408965111562
5.5400000000000	0.14066779092804	-0.19389592944472
5.5500000000000	0.14170835264299	-0.19369269986817
5.5600000000000	0.14274880032576	-0.19347999627139
5.5700000000000	0.14378904334423	-0.19325785302103
5.5800000000000	0.14482899187605	-0.19302630495667
5.5900000000000	0.14586855690384	-0.19278538738278
5.6000000000000	0.14690765021041	-0.19253513606070
5.6100000000000	0.14794618437409	-0.19227558720084
5.6200000000000	0.14898407276397	-0.19200677745493
5.6300000000000	0.15002122953530	-0.19172874390847
5.6400000000000	0.15105756962490	-0.19144152407324
5.6500000000000	0.15209300874658	-0.19114515587994
5.6600000000000	0.15312746338663	-0.19083967767100
5.6700000000000	0.15416085079935	-0.19052512819343
5.6800000000000	0.15519308900264	-0.19020154659181
5.6900000000000	0.15622409677355	-0.18986897240142
5.7000000000000	0.15725379364401	-0.18952744554142
5.7100000000000	0.15828209989644	-0.18917700630818
5.7200000000000	0.15930893655955	-0.18881769536872
5.7300000000000	0.16033422540411	-0.18844955375417
5.7400000000000	0.16135788893870	-0.18807262285343
5.7500000000000	0.16237985040565	-0.18768694440688
5.7600000000000	0.16340003377689	-0.18729256050016
5.7700000000000	0.16441836374989	-0.18688951355809
5.7800000000000	0.16543476574365	-0.18647784633865
5.7900000000000	0.16644916589471	-0.18605760192705
5.8000000000000	0.16746149105321	-0.18562882372990
5.8100000000000	0.16847166877897	-0.18519155546945
5.8200000000000	0.16947962733765	-0.18474584117794
5.8300000000000	0.17048529569691	-0.18429172519197
5.8400000000000	0.17148860352262	-0.18382925214703
5.8500000000000	0.17248948117509	-0.18335846697202
5.8600000000000	0.17348785970540	-0.18287941488397
5.8700000000000	0.17448367085171	-0.18239214138266
5.8800000000000	0.17547684703558	-0.18189669224548
5.8900000000000	0.17646732135844	-0.18139311352226
5.9000000000000	0.17745502759795	-0.18088145153023
5.9100000000000	0.17843990020454	-0.18036175284896
5.9200000000000	0.17942187429787	-0.17983406431550
5.9300000000000	0.18040088566339	-0.17929843301944
5.9400000000000	0.18137687074890	-0.17875490629816
5.9500000000000	0.18234976666119	-0.17820353173204
5.9600000000000	0.18331951116268	-0.17764435713983
5.9700000000000	0.18428604266807	-0.17707743057397
5.9800000000000	0.18524930024109	-0.17650280031609
5.9900000000000	0.18620922359124	-0.17592051487242
6.0000000000000	0.18716575307054	-0.17533062296945
6.0100000000000	0.18811882967039	-0.17473317354941
6.0200000000000	0.18906839501839	-0.17412821576606
6.0300000000000	0.19001439137518	-0.17351579898027
6.0400000000000	0.19095676163144	-0.17289597275591
6.0500000000000	0.19189544930473	-0.17226878685555
6.0600000000000	0.19283039853653	-0.17163429123640
6.0700000000000	0.19376155408920	-0.17099253604620
6.0800000000000	0.19468886134302	-0.17034357161916
6.0900000000000	0.19561226629327	-0.16968744847200
6.1000000000000	0.19653171554728	-0.16902421729996
6.1100000000000	0.19744715632159	-0.16835392897292
6.1200000000000	0.19835853643904	-0.16767663453155
6.1300000000000	0.19926580432601	-0.16699238518345
6.1400000000000	0.20016890900957	-0.16630123229941
6.1500000000000	0.20106780011474	-0.16560322740968
6.1600000000000	0.20196242786171	-0.16489842220021
6.1700000000000	0.20285274306317	-0.16418686850908
6.1800000000000	0.20373869712157	-0.16346861832281
6.1900000000000	0.20462024202648	-0.16274372377282
6.2000000000000	0.20549733035197	-0.16201223713186
6.2100000000000	0.20636991525392	-0.16127421081054
6.2200000000000	0.20723795046753	-0.16052969735379
6.2300000000000	0.20810139030466	-0.15977874943748
6.2400000000000	0.20896018965135	-0.15902141986501
6.2500000000000	0.20981430396527	-0.15825776156389
6.2600000000000	0.21066368927325	-0.15748782758246
6.2700000000000	0.21150830216876	-0.15671167108654
6.2800000000000	0.21234809980952	-0.15592934535618
6.2900000000000	0.21318303991502	-0.15514090378238
6.3000000000000	0.21401308076414	-0.15434639986392
6.3100000000000	0.21483818119277	-0.15354588720414
6.3200000000000	0.21565830059142	-0.15273941950779
6.3300000000000	0.21647339890291	-0.15192705057789
6.3400000000000	0.21728343662001	-0.15110883431266
6.3500000000000	0.21808837478317	-0.15028482470240
6.3600000000000	0.21888817497824	-0.14945507582647
6.3700000000000	0.21968279933416	-0.14861964185027
6.3800000000000	0.22047221052077	-0.14777857702221
6.3900000000000	0.22125637174657	-0.14693193567077
6.4000000000000	0.22203524675647	-0.14607977220155
6.4100000000000	0.22280879982969	-0.14522214109431
6.4200000000000	0.22357699577751	-0.14435909690012
6.4300000000000	0.22433979994114	-0.14349069423845
6.4400000000000	0.22509717818961	-0.14261698779432
6.4500000000000	0.22584909691762	-0.14173803231546
6.4600000000000	0.22659552304345	-0.14085388260952
6.4700000000000	0.22733642400688	-0.13996459354125
6.4800000000000	0.22807176776711	-0.13907022002978
6.4900000000000	0.22880152280073	-0.13817081704581
6.5000000000000	0.22952565809964	-0.13726643960893
6.5100000000000	0.23024414316907	-0.13635714278488
6.5200000000000	0.23095694802555	-0.13544298168288
6.5300000000000	0.23166404319492	-0.13452401145296
6.5400000000000	0.23236539971035	-0.13360028728330
6.5500000000000	0.23306098911040	-0.13267186439759
6.5600000000000	0.23375078343702	-0.13173879805245
6.5700000000000	0.23443475523366	-0.13080114353477
6.5800000000000	0.23511287754334	-0.12985895615922
6.5900000000000	0.23578512390670	-0.12891229126558
6.6000000000000	0.23645146836015	-0.12796120421630
6.6100000000000	0.23711188543397	-0.12700575039390
6.6200000000000	0.23776635015043	-0.12604598519847
6.6300000000000	0.23841483802194	-0.12508196404520
6.6400000000000	0.23905732504919	-0.12411374236186
6.6500000000000	0.23969378771933	-0.12314137558638
6.6600000000000	0.24032420300412	-0.12216491916434
6.6700000000000	0.24094854835816	-0.12118442854661
6.6800000000000	0.24156680171702	-0.12019995918684
6.6900000000000	0.24217894149552	-0.11921156653912
6.7000000000000	0.24278494658591	-0.11821930605559
6.7100000000000	0.24338479635610	-0.11722323318399
6.7200000000000	0.24397847064790	-0.11622340336538
6.7300000000000	0.24456594977528	-0.11521987203173
6.7400000000000	0.24514721452262	-0.11421269460361
6.7500000000000	0.24572224614299	-0.11320192648786
6.7600000000000	0.24629102635639	-0.11218762307526
6.7700000000000	0.24685353734811	-0.11116983973826
6.7800000000000	0.24740976176692	-0.11014863182866
6.7900000000000	0.24795968272350	-0.10912405467537
6.8000000000000	0.24850328378864	-0.10809616358212
6.8100000000000	0.24904054899164	-0.10706501382520
6.8200000000000	0.24957146281858	-0.10603066065126
6.8300000000000	0.25009601021070	-0.10499315927506
6.8400000000000	0.25061417656276	-0.10395256487723
6.8500000000000	0.25112594772131	-0.10290893260211
6.8600000000000	0.25163130998315	-0.10186231755551
6.8700000000000	0.25213025009364	-0.10081277480257
6.8800000000000	0.25262275524509	-0.099760359365540
6.8900000000000	0.25310881307515	-0.098705126221670
6.9000000000000	0.25358841166516	-0.097647130301012
6.9100000000000	0.25406153953862	-0.096586426484304
6.9200000000000	0.25452818565952	-0.095523069600827
6.9300000000000	0.25498833943078	-0.094457114426290
6.9400000000000	0.25544199069269	-0.093388615680713
6.9500000000000	0.25588912972128	-0.092317628026326
6.9600000000000	0.25632974722676	-0.091244206065481
6.9700000000000	0.25676383435200	-0.090168404338559
6.9800000000000	0.25719138267092	-0.089090277321904
6.9900000000000	0.25761238418693	-0.088009879425757
7.0000000000000	0.25802683133142	-0.086927264992195
7.0100000000000	0.25843471696219	-0.085842488293089
7.0200000000000	0.25883603436190	-0.084755603528064
7.0300000000000	0.25923077723658	-0.083666664822471
7.0400000000000	0.25961893971404	-0.082575726225364
7.0500000000000	0.26000051634238	-0.081482841707486
7.0600000000000	0.26037550208847	-0.080388065159269
7.0700000000000	0.26074389233644	-0.079291450388837
7.0800000000000	0.26110568288614	-0.078193051120015
7.0900000000000	0.26146086995167	-0.077092920990352
7.1000000000000	0.26180945015984	-0.075991113549147
7.1100000000000	0.26215142054871	-0.074887682255489
7.1200000000000	0.26248677856607	-0.073782680476296
7.1300000000000	0.26281552206795	-0.072676161484365
7.1400000000000	0.26313764931714	-0.071568178456439
7.1500000000000	0.26345315898174	-0.070458784471262
7.1600000000000	0.26376205013361	-0.069348032507662
7.1700000000000	0.26406432224695	-0.068235975442624
7.1800000000000	0.26435997519681	-0.067122666049382
7.1900000000000	0.26464900925763	-0.066008156995513
7.2000000000000	0.26493142510177	-0.064892500841038
7.2100000000000	0.26520722379802	-0.063775750036530
7.2200000000000	0.26547640681019	-0.062657956921229
7.2300000000000	0.26573897599563	-0.061539173721167
7.2400000000000	0.26599493360378	-0.060419452547292
7.2500000000000	0.26624428227470	-0.059298845393605
7.2600000000000	0.26648702503766	-0.058177404135301
7.2700000000000	0.26672316530965	-0.057055180526916
7.2800000000000	0.26695270689400	-0.055932226200482
7.2900000000000	0.26717565397886	-0.054808592663688
7.3000000000000	0.26739201113583	-0.053684331298040
7.3100000000000	0.26760178331849	-0.052559493357042
7.3200000000000	0.26780497586099	-0.051434129964364
7.3300000000000	0.26800159447660	-0.050308292112035
7.3400000000000	0.26819164525627	-0.049182030658625
7.3500000000000	0.26837513466726	-0.048055396327443
7.3600000000000	0.26855206955164	-0.046928439704739
7.3700000000000	0.26872245712491	-0.045801211237907
7.3800000000000	0.26888630497460	-0.044673761233697
7.3900000000000	0.26904362105880	-0.043546139856434
7.4000000000000	0.26919441370477	-0.042418397126237
7.4100000000000	0.26933869160753	-0.041290582917249
7.4200000000000	0.26947646382842	-0.040162746955864
7.4300000000000	0.26960773979374	-0.039034938818971
7.4400000000000	0.26973252929326	-0.037907207932191
7.4500000000000	0.26985084247888	-0.036779603568125
7.4600000000000	0.26996268986319	-0.035652174844608
7.4700000000000	0.27006808231807	-0.034524970722960
7.4800000000000	0.27016703107327	-0.033398040006254
7.4900000000000	0.27025954771503	-0.032271431337575
7.5000000000000	0.27034564418465	-0.031145193198293
7.5100000000000	0.27042533277710	-0.030019373906337
7.5200000000000	0.27049862613963	-0.028894021614473
7.5300000000000	0.27056553727034	-0.027769184308587
7.5400000000000	0.27062607951680	-0.026644909805971
7.5500000000000	0.27068026657464	-0.025521245753615
7.5600000000000	0.27072811248616	-0.024398239626501
7.5700000000000	0.27076963163892	-0.023275938725903
7.5800000000000	0.27080483876436	-0.022154390177687
7.5900000000000	0.27083374893638	-0.021033640930620
7.6000000000000	0.27085637756995	-0.019913737754679
7.6100000000000	0.27087274041972	-0.018794727239363
7.6200000000000	0.27088285357862	-0.017676655792013
7.6300000000000	0.27088673347647	-0.016559569636129
7.6400000000000	0.27088439687855	-0.015443514809697
7.6500000000000	0.27087586088425	-0.014328537163516
7.6600000000000	0.27086114292565	-0.013214682359522
7.6700000000000	0.27084026076611	-0.012101995869132
7.6800000000000	0.27081323249893	-0.010990522971571
7.6900000000000	0.27078007654585	-0.0098803087522163
7.7000000000000	0.27074081165577	-0.0087713981009391
7.7100000000000	0.27069545690328	-0.0076638357104480
7.7200000000000	0.27064403168726	-0.0065576660746383
7.7300000000000	0.27058655572954	-0.0054529334869421
7.7400000000000	0.27052304907342	-0.0043496820386807
7.7500000000000	0.27045353208235	-0.0032479556174209
7.7600000000000	0.27037802543847	-0.0021477979053322
7.7700000000000	0.27029655014124	-0.0010492523775481
7.7800000000000	0.27020912750604	4.7637699472677e-05
7.7900000000000	0.27011577916273	0.0011428292695805
7.8000000000000	0.27001652705431	0.0022362794885684
7.8100000000000	0.26991139343546	0.0033279457258030
7.8200000000000	0.26980040087115	0.0044177855658541
7.8300000000000	0.26968357223525	0.0055057568101215
7.8400000000000	0.26956093070910	0.0065918174784610
7.8500000000000	0.26943249978011	0.0076759258108076
7.8600000000000	0.26929830324036	0.0087580402687980
7.8700000000000	0.26915836518517	0.0098381195373913
7.8800000000000	0.26901271001169	0.010916122526488
7.8900000000000	0.26886136241748	0.011992008372546
7.9000000000000	0.26870434739911	0.013065736440201
7.9100000000000	0.26854169025074	0.014137266323877
7.9200000000000	0.26837341656267	0.015206557849403
7.9300000000000	0.26819955221995	0.016273571075623
7.9400000000000	0.26802012340093	0.017338266296010
7.9500000000000	0.26783515657586	0.018400604040278
7.9600000000000	0.26764467850543	0.019460545075987
7.9700000000000	0.26744871623936	0.020518050410157
7.9800000000000	0.26724729711497	0.021573081290871
7.9900000000000	0.26704044875571	0.022625599208888
8.0000000000000	0.26682819906976	0.023675565899245
8.0100000000000	0.26661057624856	0.024722943342867
8.0200000000000	0.26638760876538	0.025767693768170
8.0300000000000	0.26615932537388	0.026809779652670
8.0400000000000	0.26592575510663	0.027849163724583
8.0500000000000	0.26568692727367	0.028885808964434
8.0600000000000	0.26544287146109	0.029919678606661
8.0700000000000	0.26519361752950	0.030950736141218
8.0800000000000	0.26493919561262	0.031978945315180
8.0900000000000	0.26467963611579	0.033004270134348
8.1000000000000	0.26441496971452	0.034026674864854
8.1100000000000	0.26414522735297	0.035046124034763
8.1200000000000	0.26387044024252	0.036062582435683
8.1300000000000	0.26359063986029	0.037076015124362
8.1400000000000	0.26330585794759	0.038086387424304
8.1500000000000	0.26301612650850	0.039093664927363
8.1600000000000	0.26272147780835	0.040097813495361
8.1700000000000	0.26242194437221	0.041098799261684
8.1800000000000	0.26211755898339	0.042096588632899
8.1900000000000	0.26180835468194	0.043091148290354
8.2000000000000	0.26149436476314	0.044082445191791
8.2100000000000	0.26117562277597	0.045070446572954
8.2200000000000	0.26085216252159	0.046055119949199
8.2300000000000	0.26052401805183	0.047036433117107
8.2400000000000	0.26019122366761	0.048014354156093
8.2500000000000	0.25985381391746	0.048988851430019
8.2600000000000	0.25951182359593	0.049959893588811
8.2700000000000	0.25916528774207	0.050927449570068
8.2800000000000	0.25881424163785	0.051891488600686
8.2900000000000	0.25845872080662	0.052851980198466
8.3000000000000	0.25809876101152	0.053808894173741
8.3100000000000	0.25773439825394	0.054762200630988
8.3200000000000	0.25736566877190	0.055711869970452
8.3300000000000	0.25699260903848	0.056657872889769
8.3400000000000	0.25661525576023	0.057600180385587
8.3500000000000	0.25623364587558	0.058538763755193
8.3600000000000	0.25584781655320	0.059473594598136
8.3700000000000	0.25545780519042	0.060404644817859
8.3800000000000	0.25506364941159	0.061331886623322
8.3900000000000	0.25466538706647	0.062255292530640
8.4000000000000	0.25426305622855	0.063174835364708
8.4100000000000	0.25385669519346	0.064090488260837
8.4200000000000	0.25344634247728	0.065002224666393
8.4300000000000	0.25303203681491	0.065910018342429
8.4400000000000	0.25261381715837	0.066813843365324
8.4500000000000	0.25219172267515	0.067713674128426
8.4600000000000	0.25176579274651	0.068609485343690
8.4700000000000	0.25133606696580	0.069501252043325
8.4800000000000	0.25090258513674	0.070388949581437
8.4900000000000	0.25046538727172	0.071272553635677
8.5000000000000	0.25002451359008	0.072152040208886
8.5100000000000	0.24958000451638	0.073027385630751
8.5200000000000	0.24913190067866	0.073898566559454
8.5300000000000	0.24868024290670	0.074765559983325
8.5400000000000	0.24822507223024	0.075628343222498
8.5500000000000	0.24776642987722	0.076486893930570
8.5600000000000	0.24730435727202	0.077341190096257
8.5700000000000	0.24683889603365	0.078191210045056
8.5800000000000	0.24637008797396	0.079036932440910
8.5900000000000	0.24589797509582	0.079878336287865
8.6000000000000	0.24542259959132	0.080715400931745
8.6100000000000	0.24494400383991	0.081548106061811
8.6200000000000	0.24446223040657	0.082376431712436
8.6300000000000	0.24397732203997	0.083200358264771
8.6400000000000	0.24348932167057	0.084019866448422
8.6500000000000	0.24299827240878	0.084834937343121
8.6600000000000	0.24250421754304	0.085645552380399
8.6700000000000	0.24200720053793	0.086451693345270
8.6800000000000	0.24150726503225	0.087253342377903
8.6900000000000	0.24100445483710	0.088050481975303
8.7000000000000	0.24049881393393	0.088843094992995
8.7100000000000	0.23999038647260	0.089631164646704
8.7200000000000	0.23947921676941	0.090414674514040
8.7300000000000	0.23896534930510	0.091193608536183
8.7400000000000	0.23844882872289	0.091967951019569
8.7500000000000	0.23792969982645	0.092737686637579
8.7600000000000	0.23740800757787	0.093502800432224
8.7700000000000	0.23688379709568	0.094263277815840
8.7800000000000	0.23635711365273	0.095019104572775
8.7900000000000	0.23582800267416	0.095770266861080
8.8000000000000	0.23529650973533	0.096516751214205
8.8100000000000	0.23476268055970	0.097258544542690
8.8200000000000	0.23422656101676	0.097995634135856
8.8300000000000	0.23368819711986	0.098728007663507
8.8400000000000	0.23314763502412	0.099455653177616
8.8500000000000	0.23260492102421	0.10017855911403
8.8600000000000	0.23206010155225	0.10089671429415
8.8700000000000	0.23151322317557	0.10161010792665
8.8800000000000	0.23096433259454	0.10231872960917
8.8900000000000	0.23041347664033	0.10302256932996
8.9000000000000	0.22986070227267	0.10372161746967
8.9100000000000	0.22930605657762	0.10441586480298
8.9200000000000	0.22874958676527	0.10510530250028
8.9300000000000	0.22819134016746	0.10578992212945
8.9400000000000	0.22763136423550	0.10646971565746
8.9500000000000	0.22706970653780	0.10714467545213
8.9600000000000	0.22650641475757	0.10781479428378
8.9700000000000	0.22594153669043	0.10848006532696
8.9800000000000	0.22537512024206	0.10914048216211
8.9900000000000	0.22480721342576	0.10979603877729
9.0000000000000	0.22423786436008	0.11044672956982
9.0100000000000	0.22366712126635	0.11109254934800
9.0200000000000	0.22309503246627	0.11173349333279
9.0300000000000	0.22252164637937	0.11236955715950
9.0400000000000	0.22194701152058	0.11300073687945
9.0500000000000	0.22137117649767	0.11362702896169
9.0600000000000	0.22079419000875	0.11424843029464
9.0700000000000	0.22021610083970	0.11486493818780
9.0800000000000	0.21963695786160	0.11547655037339
9.0900000000000	0.21905681002814	0.11608326500804
9.1000000000000	0.21847570637298	0.11668508067447
9.1100000000000	0.21789369600715	0.11728199638314
9.1200000000000	0.21731082811637	0.11787401157391
9.1300000000000	0.21672715195838	0.11846112611770
9.1400000000000	0.21614271686023	0.11904334031815
9.1500000000000	0.21555757221556	0.11962065491329
9.1600000000000	0.21497176748185	0.12019307107715
9.1700000000000	0.21438535217768	0.12076059042143
9.1800000000000	0.21379837587991	0.12132321499712
9.1900000000000	0.21321088822088	0.12188094729616
9.2000000000000	0.21262293888556	0.12243379025306
9.2100000000000	0.21203457760874	0.12298174724650
9.2200000000000	0.21144585417207	0.12352482210099
9.2300000000000	0.21085681840124	0.12406301908846
9.2400000000000	0.21026752016300	0.12459634292988
9.2500000000000	0.20967800936222	0.12512479879683
9.2600000000000	0.20908833593890	0.12564839231315
9.2700000000000	0.20849854986522	0.12616712955651
9.2800000000000	0.20790870114246	0.12668101705995
9.2900000000000	0.20731883979798	0.12719006181353
9.3000000000000	0.20672901588214	0.12769427126585
9.3100000000000	0.20613927946521	0.12819365332563
9.3200000000000	0.20554968063422	0.12868821636325
9.3300000000000	0.20496026948987	0.12917796921232
9.3400000000000	0.20437109614330	0.12966292117120
9.3500000000000	0.20378221071290	0.13014308200456
9.3600000000000	0.20319366332112	0.13061846194485
9.3700000000000	0.20260550409119	0.13108907169386
9.3800000000000	0.20201778314386	0.13155492242420
9.3900000000000	0.20143055059407	0.13201602578080
9.4000000000000	0.20084385654767	0.13247239388242
9.4100000000000	0.20025775109802	0.13292403932307
9.4200000000000	0.19967228432264	0.13337097517353
9.4300000000000	0.19908750627979	0.13381321498275
9.4400000000000	0.19850346700501	0.13425077277937
9.4500000000000	0.19792021650773	0.13468366307305
9.4600000000000	0.19733780476770	0.13511190085600
9.4700000000000	0.19675628173153	0.13553550160428
9.4800000000000	0.19617569730911	0.13595448127929
9.4900000000000	0.19559610137008	0.13636885632911
9.5000000000000	0.19501754374019	0.13677864368985
9.5100000000000	0.19444007419771	0.13718386078705
9.5200000000000	0.19386374246976	0.13758452553703
9.5300000000000	0.19328859822860	0.13798065634816
9.5400000000000	0.19271469108800	0.13837227212226
9.5500000000000	0.19214207059940	0.13875939225582
9.5600000000000	0.19157078624822	0.13914203664137
9.5700000000000	0.19100088745006	0.13952022566867
9.5800000000000	0.19043242354683	0.13989398022606
9.5900000000000	0.18986544380293	0.14026332170161
9.6000000000000	0.18929999740138	0.14062827198443
9.6100000000000	0.18873613343990	0.14098885346580
9.6200000000000	0.18817390092695	0.14134508904043
9.6300000000000	0.18761334877781	0.14169700210762
9.6400000000000	0.18705452581055	0.14204461657239
9.6500000000000	0.18649748074199	0.14238795684664
9.6600000000000	0.18594226218371	0.14272704785030
9.6700000000000	0.18538891863791	0.14306191501239
9.6800000000000	0.18483749849330	0.14339258427214
9.6900000000000	0.18428805002100	0.14371908208003
9.7000000000000	0.18374062137033	0.14404143539886
9.7100000000000	0.18319526056461	0.14435967170478
9.7200000000000	0.18265201549697	0.14467381898827
9.7300000000000	0.18211093392603	0.14498390575516
9.7400000000000	0.18157206347167	0.14528996102758
9.7500000000000	0.18103545161067	0.14559201434489
9.7600000000000	0.18050114567238	0.14589009576464
9.7700000000000	0.17996919283434	0.14618423586345
9.7800000000000	0.17943964011786	0.14647446573788
9.7900000000000	0.17891253438362	0.14676081700529
9.8000000000000	0.17838792232713	0.14704332180471
9.8100000000000	0.17786585047433	0.14732201279758
9.8200000000000	0.17734636517696	0.14759692316861
9.8300000000000	0.17682951260809	0.14786808662647
9.8400000000000	0.17631533875749	0.14813553740458
9.8500000000000	0.17580388942701	0.14839931026182
9.8600000000000	0.17529521022595	0.14865944048318
9.8700000000000	0.17478934656639	0.14891596388043
9.8800000000000	0.17428634365845	0.14916891679280
9.8900000000000	0.17378624650560	0.14941833608751
9.9000000000000	0.17328909989985	0.14966425916042
9.9100000000000	0.17279494841699	0.14990672393656
9.9200000000000	0.17230383641175	0.15014576887063
9.9300000000000	0.17181580801295	0.15038143294754
9.9400000000000	0.17133090711860	0.15061375568285
9.9500000000000	0.17084917739101	0.15084277712322
9.9600000000000	0.17037066225182	0.15106853784683
9.9700000000000	0.16989540487705	0.15129107896373
9.9800000000000	0.16942344819210	0.15151044211624
9.9900000000000	0.16895483486669	0.15172666947924
10.000000000000	0.16848960730981	0.15193980376046
10.010000000000	0.16802780766466	0.15214988820073
10.020000000000	0.16756947780346	0.15235696657426
10.030000000000	0.16711465932238	0.15256108318878
10.040000000000	0.16666339353632	0.15276228288573
10.050000000000	0.16621572147369	0.15296061104037
10.060000000000	0.16577168387119	0.15315611356191
10.070000000000	0.16533132116857	0.15334883689355
10.080000000000	0.16489467350326	0.15353882801254
10.090000000000	0.16446178070515	0.15372613443013
10.100000000000	0.16403268229113	0.15391080419157
10.110000000000	0.16360741745980	0.15409288587605
10.120000000000	0.16318602508599	0.15427242859653
10.130000000000	0.16276854371537	0.15444948199967
10.140000000000	0.16235501155895	0.15462409626561
10.150000000000	0.16194546648761	0.15479632210777
10.160000000000	0.16153994602657	0.15496621077258
10.170000000000	0.16113848734980	0.15513381403920
10.180000000000	0.16074112727452	0.15529918421923
10.190000000000	0.16034790225550	0.15546237415627
10.200000000000	0.15995884837951	0.15562343722559
10.210000000000	0.15957400135958	0.15578242733367
10.220000000000	0.15919339652937	0.15593939891767
10.230000000000	0.15881706883740	0.15609440694499
10.240000000000	0.15844505284135	0.15624750691268
10.250000000000	0.15807738270226	0.15639875484680
10.260000000000	0.15771409217873	0.15654820730186
10.270000000000	0.15735521462108	0.15669592136008
10.280000000000	0.15700078296553	0.15684195463070
10.290000000000	0.15665082972829	0.15698636524921
10.300000000000	0.15630538699965	0.15712921187654
10.310000000000	0.15596448643806	0.15727055369825
10.320000000000	0.15562815926416	0.15741045042359
10.330000000000	0.15529643625477	0.15754896228461
10.340000000000	0.15496934773690	0.15768615003520
10.350000000000	0.15464692358171	0.15782207495004
10.360000000000	0.15432919319841	0.15795679882353
10.370000000000	0.15401618552820	0.15809038396875
10.380000000000	0.15370792903814	0.15822289321627
10.390000000000	0.15340445171497	0.15835438991296
10.400000000000	0.15310578105900	0.15848493792074
10.410000000000	0.15281194407783	0.15861460161536
10.420000000000	0.15252296728021	0.15874344588500
10.430000000000	0.15223887666973	0.15887153612895
10.440000000000	0.15195969773856	0.15899893825616
10.450000000000	0.15168545546117	0.15912571868379
10.460000000000	0.15141617428796	0.15925194433570
10.470000000000	0.15115187813894	0.15937768264090
10.480000000000	0.15089259039736	0.15950300153190
10.490000000000	0.15063833390328	0.15962796944312
10.500000000000	0.15038913094715	0.15975265530915
10.510000000000	0.15014500326335	0.15987712856299
10.520000000000	0.14990597202376	0.16000145913429
10.530000000000	0.14967205783117	0.16012571744748
10.540000000000	0.14944328071284	0.16024997441987
10.550000000000	0.14921966011389	0.16037430145972
10.560000000000	0.14900121489073	0.16049877046423
10.570000000000	0.14878796330448	0.16062345381751
10.580000000000	0.14857992301432	0.16074842438846
10.590000000000	0.14837711107086	0.16087375552865
10.600000000000	0.14817954390942	0.16099952107010
10.610000000000	0.14798723734339	0.16112579532307
10.620000000000	0.14780020655743	0.16125265307371
10.630000000000	0.14761846610078	0.16138016958173
10.640000000000	0.14744202988046	0.16150842057799
10.650000000000	0.14727091115446	0.16163748226209
10.660000000000	0.14710512252491	0.16176743129977
10.670000000000	0.14694467593126	0.16189834482042
10.680000000000	0.14678958264336	0.16203030041445
10.690000000000	0.14663985325459	0.16216337613060
10.700000000000	0.14649549767493	0.16229765047322
10.710000000000	0.14635652512398	0.16243320239950
10.720000000000	0.14622294412402	0.16257011131667
10.730000000000	0.14609476249297	0.16270845707902
10.740000000000	0.14597198733741	0.16284831998505
10.750000000000	0.14585462504546	0.16298978077444
10.760000000000	0.14574268127976	0.16313292062497
10.770000000000	0.14563616097034	0.16327782114942
10.780000000000	0.14553506830748	0.16342456439244
10.790000000000	0.14543940673456	0.16357323282725
10.800000000000	0.14534917894087	0.16372390935243
10.810000000000	0.14526438685442	0.16387667728854
10.820000000000	0.14518503163466	0.16403162037472
10.830000000000	0.14511111366527	0.16418882276523
10.840000000000	0.14504263254683	0.16434836902597
10.850000000000	0.14497958708949	0.16451034413085
10.860000000000	0.14492197530566	0.16467483345817
10.870000000000	0.14486979440262	0.16484192278696
10.880000000000	0.14482304077509	0.16501169829316
10.890000000000	0.14478170999785	0.16518424654584
10.900000000000	0.14474579681824	0.16535965450332
10.910000000000	0.14471529514867	0.16553800950920
10.920000000000	0.14469019805913	0.16571939928839
10.930000000000	0.14467049776960	0.16590391194300
10.940000000000	0.14465618564253	0.16609163594824
10.950000000000	0.14464725217516	0.16628266014821
10.960000000000	0.14464368699194	0.16647707375163
10.970000000000	0.14464547883682	0.16667496632753
10.980000000000	0.14465261556557	0.16687642780083
10.990000000000	0.14466508413802	0.16708154844792
11.000000000000	0.14468287061033	0.16729041889209
11.010000000000	0.14470596012716	0.16750313009897
11.020000000000	0.14473433691383	0.16771977337183
11.030000000000	0.14476798426850	0.16794044034689
11.040000000000	0.14480688455419	0.16816522298847
11.050000000000	0.14485101919093	0.16839421358418
11.060000000000	0.14490036864772	0.16862750473990
11.070000000000	0.14495491243456	0.16886518937483
11.080000000000	0.14501462909438	0.16910736071635
11.090000000000	0.14507949619499	0.16935411229490
11.100000000000	0.14514949032090	0.16960553793871
11.110000000000	0.14522458706526	0.16986173176850
11.120000000000	0.14530476102156	0.17012278819210
11.130000000000	0.14538998577545	0.17038880189897
11.140000000000	0.14548023389647	0.17065986785465
11.150000000000	0.14557547692970	0.17093608129515
11.160000000000	0.14567568538741	0.17121753772125
11.170000000000	0.14578082874069	0.17150433289271
11.180000000000	0.14589087541094	0.17179656282239
11.190000000000	0.14600579276146	0.17209432377031
11.200000000000	0.14612554708887	0.17239771223761
11.210000000000	0.14625010361452	0.17270682496045
11.220000000000	0.14637942647593	0.17302175890376
11.230000000000	0.14651347871805	0.17334261125497
11.240000000000	0.14665222228457	0.17366947941764
11.250000000000	0.14679561800917	0.17400246100494
11.260000000000	0.14694362560669	0.17434165383311
11.270000000000	0.14709620366424	0.17468715591479
11.280000000000	0.14725330963233	0.17503906545225
11.290000000000	0.14741489981589	0.17539748083055
11.300000000000	0.14758092936522	0.17576250061056
11.310000000000	0.14775135226694	0.17613422352193
11.320000000000	0.14792612133488	0.17651274845593
11.330000000000	0.14810518820086	0.17689817445816
11.340000000000	0.14828850330546	0.17729060072122
11.350000000000	0.14847601588875	0.17769012657720
11.360000000000	0.14866767398091	0.17809685149014
11.370000000000	0.14886342439282	0.17851087504828
11.380000000000	0.14906321270660	0.17893229695630
11.390000000000	0.14926698326606	0.17936121702735
11.400000000000	0.14947467916712	0.17979773517505
11.410000000000	0.14968624224816	0.18024195140530
11.420000000000	0.14990161308025	0.18069396580802
11.430000000000	0.15012073095744	0.18115387854869
11.440000000000	0.15034353388685	0.18162178985988
11.450000000000	0.15056995857877	0.18209780003252
11.460000000000	0.15079994043668	0.18258200940714
11.470000000000	0.15103341354721	0.18307451836492
11.480000000000	0.15127031066999	0.18357542731864
11.490000000000	0.15151056322749	0.18408483670342
11.500000000000	0.15175410129470	0.18460284696741
11.510000000000	0.15200085358889	0.18512955856225
11.520000000000	0.15225074745910	0.18566507193343
11.530000000000	0.15250370887575	0.18620948751052
11.540000000000	0.15275966242001	0.18676290569712
11.550000000000	0.15301853127322	0.18732542686083
11.560000000000	0.15328023720615	0.18789715132291
11.570000000000	0.15354470056825	0.18847817934783
11.580000000000	0.15381184027675	0.18906861113265
11.590000000000	0.15408157380575	0.18966854679627
11.600000000000	0.15435381717519	0.19027808636836
11.610000000000	0.15462848493974	0.19089732977829
11.620000000000	0.15490549017765	0.19152637684373
11.630000000000	0.15518474447944	0.19216532725915
11.640000000000	0.15546615793660	0.19281428058408
11.650000000000	0.15574963913016	0.19347333623116
11.660000000000	0.15603509511913	0.19414259345404
11.670000000000	0.15632243142899	0.19482215133503
11.680000000000	0.15661155203994	0.19551210877255
11.690000000000	0.15690235937518	0.19621256446834
11.700000000000	0.15719475428903	0.19692361691449
11.710000000000	0.15748863605506	0.19764536438021
11.720000000000	0.15778390235399	0.19837790489837
11.730000000000	0.15808044926165	0.19912133625180
11.740000000000	0.15837817123677	0.19987575595939
11.750000000000	0.15867696110871	0.20064126126186
11.760000000000	0.15897671006510	0.20141794910732
11.770000000000	0.15927730763938	0.20220591613659
11.780000000000	0.15957864169830	0.20300525866823
11.790000000000	0.15988059842929	0.20381607268324
11.800000000000	0.16018306232775	0.20463845380961
11.810000000000	0.16048591618428	0.20547249730644
11.820000000000	0.16078904107180	0.20631829804787
11.830000000000	0.16109231633261	0.20717595050667
11.840000000000	0.16139561956537	0.20804554873751
11.850000000000	0.16169882661192	0.20892718635995
11.860000000000	0.16200181154419	0.20982095654108
11.870000000000	0.16230444665084	0.21072695197784
11.880000000000	0.16260660242393	0.21164526487900
11.890000000000	0.16290814754551	0.21257598694682
11.900000000000	0.16320894887410	0.21351920935832
11.910000000000	0.16350887143111	0.21447502274622
11.920000000000	0.16380777838721	0.21544351717947
11.930000000000	0.16410553104860	0.21642478214349
11.940000000000	0.16440198884319	0.21741890651991
11.950000000000	0.16469700930681	0.21842597856598
11.960000000000	0.16499044806927	0.21944608589363
11.970000000000	0.16528215884037	0.22047931544796
11.980000000000	0.16557199339588	0.22152575348550
11.990000000000	0.16585980156347	0.22258548555187
12.000000000000	0.16614543120855	0.22365859645912
12.010000000000	0.16642872822010	0.22474517026255
12.020000000000	0.16670953649647	0.22584529023714
12.030000000000	0.16698769793105	0.22695903885337
12.040000000000	0.16726305239805	0.22808649775275
12.050000000000	0.16753543773809	0.22922774772270
12.060000000000	0.16780468974392	0.23038286867102
12.070000000000	0.16807064214598	0.23155193959979
12.080000000000	0.16833312659803	0.23273503857881
12.090000000000	0.16859197266278	0.23393224271841
12.100000000000	0.16884700779743	0.23514362814182
12.110000000000	0.16909805733930	0.23636926995693
12.120000000000	0.16934494449141	0.23760924222744
12.130000000000	0.16958749030814	0.23886361794353
12.140000000000	0.16982551368083	0.24013246899180
12.150000000000	0.17005883132349	0.24141586612478
12.160000000000	0.17028725775847	0.24271387892962
12.170000000000	0.17051060530228	0.24402657579634
12.180000000000	0.17072868405135	0.24535402388528
12.190000000000	0.17094130186792	0.24669628909399
12.200000000000	0.17114826436604	0.24805343602344
12.210000000000	0.17134937489755	0.24942552794348
12.220000000000	0.17154443453825	0.25081262675769
12.230000000000	0.17173324207412	0.25221479296746
12.240000000000	0.17191559398770	0.25363208563540
12.250000000000	0.17209128444454	0.25506456234793
12.260000000000	0.17226010527989	0.25651227917722
12.270000000000	0.17242184598540	0.25797529064228
12.280000000000	0.17257629369616	0.25945364966931
12.290000000000	0.17272323317774	0.26094740755129
12.300000000000	0.17286244681361	0.26245661390666
12.310000000000	0.17299371459262	0.26398131663730
12.320000000000	0.17311681409679	0.26552156188557
12.330000000000	0.17323152048933	0.26707739399059
12.340000000000	0.17333760650289	0.26864885544356
12.350000000000	0.17343484242815	0.27023598684228
12.360000000000	0.17352299610265	0.27183882684475
12.370000000000	0.17360183289995	0.27345741212180
12.380000000000	0.17367111571915	0.27509177730891
12.390000000000	0.17373060497476	0.27674195495700
12.400000000000	0.17378005858690	0.27840797548229
12.410000000000	0.17381923197197	0.28008986711520
12.420000000000	0.17384787803372	0.28178765584828
12.430000000000	0.17386574715471	0.28350136538311
12.440000000000	0.17387258718835	0.28523101707617
12.450000000000	0.17386814345134	0.28697662988378
12.460000000000	0.17385215871668	0.28873822030590
12.470000000000	0.17382437320720	0.29051580232889
12.480000000000	0.17378452458971	0.29230938736727
12.490000000000	0.17373234796971	0.29411898420429
12.500000000000	0.17366757588677	0.29594459893152
12.510000000000	0.17358993831057	0.29778623488721
12.520000000000	0.17349916263763	0.29964389259367
12.530000000000	0.17339497368873	0.30151756969333
12.540000000000	0.17327709370723	0.30340726088387
12.550000000000	0.17314524235800	0.30531295785198
12.560000000000	0.17299913672738	0.30723464920610
12.570000000000	0.17283849132385	0.30917232040794
12.580000000000	0.17266301807968	0.31112595370271
12.590000000000	0.17247242635360	0.31309552804832
12.600000000000	0.17226642293430	0.31508101904323
12.610000000000	0.17204471204512	0.31708239885310
12.620000000000	0.17180699534971	0.31909963613627
12.630000000000	0.17155297195885	0.32113269596797
12.640000000000	0.17128233843846	0.32318153976323
12.650000000000	0.17099478881874	0.32524612519861
12.660000000000	0.17069001460465	0.32732640613266
12.670000000000	0.17036770478765	0.32942233252508
12.680000000000	0.17002754585880	0.33153385035465
12.690000000000	0.16966922182331	0.33366090153588
12.700000000000	0.16929241421646	0.33580342383435
