#Parameters = {a=0.5; d=0.035; h=9; p=3; phi=0; r_1=2; r_2=2.7; s=0.2; t=0.2; theta=0; w=12}
#"Frequency / GHz"	"S2,1 [Re]"	"S2,1 [Im]"
#-----------------------------------------
2.7000000000000	0.00019398679587714	-1.9846860805595e-05
2.7100000000000	0.00019478967711032	-1.6545834207316e-05
2.7200000000000	0.00019552525406472	-1.3237115066970e-05
2.7300000000000	0.00019619360832990	-9.9224023069060e-06
2.7400000000000	0.00019679487839878	-6.6033834729011e-06
2.7500000000000	0.00019732925876268	-3.2817323996010e-06
2.7600000000000	0.00019779699889702	4.0893056595955e-08
2.7700000000000	0.00019819840214257	3.3628532115266e-06
2.7800000000000	0.00019853382448803	6.6825286688677e-06
2.7900000000000	0.00019880367325953	9.9983223525342e-06
2.8000000000000	0.00019900840572312	1.3308661451511e-05
2.8100000000000	0.00019914852760652	1.6611999273215e-05
2.8200000000000	0.00019922459154638	1.9906817001954e-05
2.8300000000000	0.00019923719546769	2.3191625359540e-05
2.8400000000000	0.00019918698090176	2.6464966165554e-05
2.8500000000000	0.00019907463124956	2.9725413795274e-05
2.8600000000000	0.00019890086999700	3.2971576533708e-05
2.8700000000000	0.00019866645888877	3.6202097824658e-05
2.8800000000000	0.00019837219606725	3.9415657414163e-05
2.8900000000000	0.00019801891418324	4.2610972388128e-05
2.9000000000000	0.00019760747848452	4.5786798104349e-05
2.9100000000000	0.00019713878488876	4.8941929019536e-05
2.9200000000000	0.00019661375804683	5.2075199412357e-05
2.9300000000000	0.00019603334940220	5.5185484003823e-05
2.9400000000000	0.00019539853525231	5.8271698476744e-05
2.9500000000000	0.00019471031481734	6.1332799896246e-05
2.9600000000000	0.00019396970832144	6.4367787033662e-05
2.9700000000000	0.00019317775509156	6.7375700596371e-05
2.9800000000000	0.00019233551167834	7.0355623366395e-05
2.9900000000000	0.00019144405000374	7.3306680250806e-05
3.0000000000000	0.00019050445553919	7.6228038247148e-05
3.0100000000000	0.00018951782551839	7.9118906327296e-05
3.0200000000000	0.00018848526718802	8.1978535243283e-05
3.0300000000000	0.00018740789609978	8.4806217258763e-05
3.0400000000000	0.00018628683444658	8.7601285809882e-05
3.0500000000000	0.00018512320944551	9.0363115099376e-05
3.0600000000000	0.00018391815177002	9.3091119627813e-05
3.0700000000000	0.00018267279403326	9.5784753665890e-05
3.0800000000000	0.00018138826932439	9.8443510671733e-05
3.0900000000000	0.00018006570979941	0.00010106692265713
3.1000000000000	0.00017870624532767	0.00010365455950662
3.1100000000000	0.00017731100219511	0.00010620602825333
3.1200000000000	0.00017588110186493	0.00010872097231531
3.1300000000000	0.00017441765979616	0.00011119907069625
3.1400000000000	0.00017292178432058	0.00011364003715419
3.1500000000000	0.00017139457557778	0.00011604361934172
3.1600000000000	0.00016983712450858	0.00011840959792138
3.1700000000000	0.00016825051190620	0.00012073778565948
3.1800000000000	0.00016663580752486	0.00012302802650156
3.1900000000000	0.00016499406924518	0.00012528019463292
3.2000000000000	0.00016332634229550	0.00012749419352679
3.2100000000000	0.00016163365852831	0.00012966995498352
3.2200000000000	0.00015991703575060	0.00013180743816315
3.2300000000000	0.00015817747710718	0.00013390662861411
3.2400000000000	0.00015641597051555	0.00013596753730069
3.2500000000000	0.00015463348815099	0.00013799019963126
3.2600000000000	0.00015283098598063	0.00013997467448977
3.2700000000000	0.00015100940334477	0.00014192104327239
3.2800000000000	0.00014916966258413	0.00014382940893125
3.2900000000000	0.00014731266871132	0.00014569989502714
3.3000000000000	0.00014543930912498	0.00014753264479266
3.3100000000000	0.00014355045336486	0.00014932782020744
3.3200000000000	0.00014164695290635	0.00015108560108684
3.3300000000000	0.00013972964099257	0.00015280618418532
3.3400000000000	0.00013779933250245	0.00015448978231564
3.3500000000000	0.00013585682385319	0.00015613662348491
3.3600000000000	0.00013390289293521	0.00015774695004849
3.3700000000000	0.00013193829907821	0.00015932101788238
3.3800000000000	0.00012996378304643	0.00016085909557498
3.3900000000000	0.00012798006706171	0.00016236146363871
3.4000000000000	0.00012598785485258	0.00016382841374198
3.4100000000000	0.00012398783172796	0.00016526024796215
3.4200000000000	0.00012198066467385	0.00016665727805946
3.4300000000000	0.00011996700247154	0.00016801982477257
3.4400000000000	0.00011794747583593	0.00016934821713557
3.4500000000000	0.00011592269757248	0.00017064279181691
3.4600000000000	0.00011389326275146	0.00017190389247992
3.4700000000000	0.00011185974889816	0.00017313186916531
3.4800000000000	0.00010982271619782	0.00017432707769526
3.4900000000000	0.00010778270771397	0.00017548987909923
3.5000000000000	0.00010574024961908	0.00017662063906116
3.5100000000000	0.00010369585143627	0.00017771972738795
3.5200000000000	0.00010165000629118	0.00017878751749896
3.5300000000000	9.9603191172667e-05	0.00017982438593626
3.5400000000000	9.7555867201630e-05	0.00018083071189527
3.5500000000000	9.5508479906820e-05	0.00018180687677547
3.5600000000000	9.3461459506795e-05	0.00018275326375096
3.5700000000000	9.1415221197154e-05	0.00018367025736017
3.5800000000000	8.9370165442238e-05	0.00018455824311464
3.5900000000000	8.7326678270525e-05	0.00018541760712626
3.6000000000000	8.5285131572991e-05	0.00018624873575254
3.6100000000000	8.3245883403751e-05	0.00018705201525957
3.6200000000000	8.1209278282335e-05	0.00018782783150205
3.6300000000000	7.9175647496996e-05	0.00018857656962008
3.6400000000000	7.7145309408476e-05	0.00018929861375213
3.6500000000000	7.5118569753709e-05	0.00018999434676370
3.6600000000000	7.3095721948957e-05	0.00019066414999133
3.6700000000000	7.1077047391925e-05	0.00019130840300129
3.6800000000000	6.9062815762423e-05	0.00019192748336260
3.6900000000000	6.7053285321190e-05	0.00019252176643385
3.7000000000000	6.5048703206497e-05	0.00019309162516337
3.7100000000000	6.3049305728212e-05	0.00019363742990218
3.7200000000000	6.1055318659008e-05	0.00019415954822949
3.7300000000000	5.9066957522438e-05	0.00019465834478993
3.7400000000000	5.7084427877618e-05	0.00019513418114242
3.7500000000000	5.5107925600285e-05	0.00019558741561998
3.7600000000000	5.3137637160029e-05	0.00019601840320016
3.7700000000000	5.1173739893505e-05	0.00019642749538558
3.7800000000000	4.9216402273455e-05	0.00019681504009426
3.7900000000000	4.7265784173404e-05	0.00019718138155924
3.8000000000000	4.5322037127891e-05	0.00019752686023710
3.8100000000000	4.3385304588130e-05	0.00019785181272502
3.8200000000000	4.1455722172998e-05	0.00019815657168597
3.8300000000000	3.9533417915279e-05	0.00019844146578170
3.8400000000000	3.7618512503093e-05	0.00019870681961305
3.8500000000000	3.5711119516453e-05	0.00019895295366737
3.8600000000000	3.3811345658924e-05	0.00019918018427265
3.8700000000000	3.1919290984338e-05	0.00019938882355801
3.8800000000000	3.0035049118561e-05	0.00019957917942019
3.8900000000000	2.8158707476300e-05	0.00019975155549592
3.9000000000000	2.6290347472948e-05	0.00019990625113960
3.9100000000000	2.4430044731486e-05	0.00020004356140618
3.9200000000000	2.2577869284452e-05	0.00020016377703896
3.9300000000000	2.0733885771009e-05	0.00020026718446196
3.9400000000000	1.8898153629142e-05	0.00020035406577663
3.9500000000000	1.7070727283021e-05	0.00020042469876267
3.9600000000000	1.5251656325578e-05	0.00020047935688270
3.9700000000000	1.3440985696348e-05	0.00020051830929063
3.9800000000000	1.1638755854621e-05	0.00020054182084330
3.9900000000000	9.8450029479731e-06	0.00020055015211545
4.0000000000000	8.0597589762306e-06	0.00020054355941762
4.0100000000000	6.2830519509377e-06	0.00020052229481685
4.0200000000000	4.5149060503927e-06	0.00020048660615999
4.0300000000000	2.7553417703265e-06	0.00020043673709946
4.0400000000000	1.0043760702931e-06	0.00020037292712127
4.0500000000000	-7.3797748414996e-07	0.00020029541157514
4.0600000000000	-2.4717085833944e-06	0.00020020442170652
4.0700000000000	-4.1968100397929e-06	0.00020010018469048
4.0800000000000	-5.9132776576451e-06	0.00019998292366720
4.0900000000000	-7.6211101070825e-06	0.00019985285777901
4.1000000000000	-9.3203088017680e-06	0.00019971020220879
4.1100000000000	-1.1010877780331e-05	0.00019955516821963
4.1200000000000	-1.2692823591456e-05	0.00019938796319575
4.1300000000000	-1.4366155182544e-05	0.00019920879068428
4.1400000000000	-1.6030883791860e-05	0.00019901785043814
4.1500000000000	-1.7687022844093e-05	0.00019881533845969
4.1600000000000	-1.9334587849248e-05	0.00019860144704510
4.1700000000000	-2.0973596304770e-05	0.00019837636482944
4.1800000000000	-2.2604067600856e-05	0.00019814027683226
4.1900000000000	-2.4226022928837e-05	0.00019789336450378
4.2000000000000	-2.5839485192582e-05	0.00019763580577136
4.2100000000000	-2.7444478922824e-05	0.00019736777508637
4.2200000000000	-2.9041030194350e-05	0.00019708944347143
4.2300000000000	-3.0629166545963e-05	0.00019680097856768
4.2400000000000	-3.2208916903152e-05	0.00019650254468236
4.2500000000000	-3.3780311503396e-05	0.00019619430283644
4.2600000000000	-3.5343381824016e-05	0.00019587641081225
4.2700000000000	-3.6898160512531e-05	0.00019554902320119
4.2800000000000	-3.8444681319414e-05	0.00019521229145134
4.2900000000000	-3.9982979033209e-05	0.00019486636391497
4.3000000000000	-4.1513089417923e-05	0.00019451138589595
4.3100000000000	-4.3035049152638e-05	0.00019414749969699
4.3200000000000	-4.4548895773264e-05	0.00019377484466664
4.3300000000000	-4.6054667616393e-05	0.00019339355724609
4.3400000000000	-4.7552403765165e-05	0.00019300377101567
4.3500000000000	-4.9042143997102e-05	0.00019260561674108
4.3600000000000	-5.0523928733849e-05	0.00019219922241931
4.3700000000000	-5.1997798992761e-05	0.00019178471332413
4.3800000000000	-5.3463796340273e-05	0.00019136221205136
4.3900000000000	-5.4921962847013e-05	0.00019093183856360
4.4000000000000	-5.6372341044591e-05	0.00019049371023462
4.4100000000000	-5.7814973884012e-05	0.00019004794189339
4.4200000000000	-5.9249904695674e-05	0.00018959464586752
4.4300000000000	-6.0677177150880e-05	0.00018913393202638
4.4400000000000	-6.2096835224840e-05	0.00018866590782371
4.4500000000000	-6.3508923161087e-05	0.00018819067833972
4.4600000000000	-6.4913485437293e-05	0.00018770834632275
4.4700000000000	-6.6310566732407e-05	0.00018721901223042
4.4800000000000	-6.7700211895099e-05	0.00018672277427023
4.4900000000000	-6.9082465913446e-05	0.00018621972843975
4.5000000000000	-7.0457373885838e-05	0.00018570996856618
4.5100000000000	-7.1824980993041e-05	0.00018519358634547
4.5200000000000	-7.3185332471401e-05	0.00018467067138085
4.5300000000000	-7.4538473587134e-05	0.00018414131122093
4.5400000000000	-7.5884449611672e-05	0.00018360559139712
4.5500000000000	-7.7223305798031e-05	0.00018306359546068
4.5600000000000	-7.8555087358157e-05	0.00018251540501910
4.5700000000000	-7.9879839441231e-05	0.00018196109977201
4.5800000000000	-8.1197607112882e-05	0.00018140075754660
4.5900000000000	-8.2508435335292e-05	0.00018083445433235
4.6000000000000	-8.3812368948152e-05	0.00018026226431546
4.6100000000000	-8.5109452650444e-05	0.00017968425991249
4.6200000000000	-8.6399730983021e-05	0.00017910051180370
4.6300000000000	-8.7683248311946e-05	0.00017851108896570
4.6400000000000	-8.8960048812580e-05	0.00017791605870370
4.6500000000000	-9.0230176454377e-05	0.00017731548668311
4.6600000000000	-9.1493674986373e-05	0.00017670943696075
4.6700000000000	-9.2750587923328e-05	0.00017609797201546
4.6800000000000	-9.4000958532516e-05	0.00017548115277828
4.6900000000000	-9.5244829821126e-05	0.00017485903866199
4.7000000000000	-9.6482244524257e-05	0.00017423168759035
4.7100000000000	-9.7713245093484e-05	0.00017359915602664
4.7200000000000	-9.8937873685968e-05	0.00017296149900185
4.7300000000000	-0.00010015617215411	0.00017231877014237
4.7400000000000	-0.00010136818203570	0.00017167102169712
4.7500000000000	-0.00010257394454454	0.00017101830456427
4.7600000000000	-0.00010377350056162	0.00017036066831752
4.7700000000000	-0.00010496689062662	0.00016969816123185
4.7800000000000	-0.00010615415492995	0.00016903083030886
4.7900000000000	-0.00010733533330516	0.00016835872130163
4.8000000000000	-0.00010851046522181	0.00016768187873918
4.8100000000000	-0.00010967958977862	0.00016700034595044
4.8200000000000	-0.00011084274569714	0.00016631416508783
4.8300000000000	-0.00011199997131561	0.00016562337715040
4.8400000000000	-0.00011315130458334	0.00016492802200654
4.8500000000000	-0.00011429678305525	0.00016422813841631
4.8600000000000	-0.00011543644388688	0.00016352376405331
4.8700000000000	-0.00011657032382959	0.00016281493552621
4.8800000000000	-0.00011769845922612	0.00016210168839987
4.8900000000000	-0.00011882088600638	0.00016138405721603
4.9000000000000	-0.00011993763968356	0.00016066207551367
4.9100000000000	-0.00012104875535047	0.00015993577584898
4.9200000000000	-0.00012215426767610	0.00015920518981495
4.9300000000000	-0.00012325421090250	0.00015847034806061
4.9400000000000	-0.00012434861884177	0.00015773128030993
4.9500000000000	-0.00012543752487337	0.00015698801538033
4.9600000000000	-0.00012652096194161	0.00015624058120088
4.9700000000000	-0.00012759896255327	0.00015548900483014
4.9800000000000	-0.00012867155877553	0.00015473331247369
4.9900000000000	-0.00012973878223399	0.00015397352950134
5.0000000000000	-0.00013080066411087	0.00015320968046397
5.0100000000000	-0.00013185723514344	0.00015244178911013
5.0200000000000	-0.00013290852562255	0.00015166987840227
5.0300000000000	-0.00013395456539133	0.00015089397053271
5.0400000000000	-0.00013499538384402	0.00015011408693928
5.0500000000000	-0.00013603100992499	0.00014933024832070
5.0600000000000	-0.00013706147212780	0.00014854247465166
5.0700000000000	-0.00013808679849449	0.00014775078519761
5.0800000000000	-0.00013910701661491	0.00014695519852932
5.0900000000000	-0.00014012215362619	0.00014615573253711
5.1000000000000	-0.00014113223621235	0.00014535240444484
5.1100000000000	-0.00014213729060393	0.00014454523082370
5.1200000000000	-0.00014313734257782	0.00014373422760565
5.1300000000000	-0.00014413241745713	0.00014291941009665
5.1400000000000	-0.00014512254011112	0.00014210079298972
5.1500000000000	-0.00014610773495526	0.00014127839037763
5.1600000000000	-0.00014708802595136	0.00014045221576546
5.1700000000000	-0.00014806343660778	0.00013962228208290
5.1800000000000	-0.00014903398997967	0.00013878860169631
5.1900000000000	-0.00014999970866933	0.00013795118642058
5.2000000000000	-0.00015096061482659	0.00013711004753080
5.2100000000000	-0.00015191673014932	0.00013626519577365
5.2200000000000	-0.00015286807588386	0.00013541664137865
5.2300000000000	-0.00015381467282567	0.00013456439406920
5.2400000000000	-0.00015475654131990	0.00013370846307339
5.2500000000000	-0.00015569370126208	0.00013284885713466
5.2600000000000	-0.00015662617209881	0.00013198558452224
5.2700000000000	-0.00015755397282851	0.00013111865304142
5.2800000000000	-0.00015847712200224	0.00013024807004364
5.2900000000000	-0.00015939563772445	0.00012937384243640
5.3000000000000	-0.00016030953765393	0.00012849597669302
5.3100000000000	-0.00016121883900462	0.00012761447886220
5.3200000000000	-0.00016212355854655	0.00012672935457743
5.3300000000000	-0.00016302371260678	0.00012584060906625
5.3400000000000	-0.00016391931707039	0.00012494824715932
5.3500000000000	-0.00016481038738140	0.00012405227329939
5.3600000000000	-0.00016569693854385	0.00012315269155009
5.3700000000000	-0.00016657898512278	0.00012224950560453
5.3800000000000	-0.00016745654124527	0.00012134271879387
5.3900000000000	-0.00016832962060152	0.00012043233409564
5.4000000000000	-0.00016919823644592	0.00011951835414197
5.4100000000000	-0.00017006240159807	0.00011860078122768
5.4200000000000	-0.00017092212844396	0.00011767961731829
5.4300000000000	-0.00017177742893700	0.00011675486405779
5.4400000000000	-0.00017262831459917	0.00011582652277641
5.4500000000000	-0.00017347479652209	0.00011489459449818
5.4600000000000	-0.00017431688536818	0.00011395907994842
5.4700000000000	-0.00017515459137174	0.00011301997956111
5.4800000000000	-0.00017598792434013	0.00011207729348614
5.4900000000000	-0.00017681689365483	0.00011113102159641
5.5000000000000	-0.00017764150827261	0.00011018116349495
5.5100000000000	-0.00017846177672665	0.00010922771852175
5.5200000000000	-0.00017927770712764	0.00010827068576067
5.5300000000000	-0.00018008930716494	0.00010731006404615
5.5400000000000	-0.00018089658410767	0.00010634585196982
5.5500000000000	-0.00018169954480585	0.00010537804788707
5.5600000000000	-0.00018249819569148	0.00010440664992351
5.5700000000000	-0.00018329254277970	0.00010343165598130
5.5800000000000	-0.00018408259166983	0.00010245306374545
5.5900000000000	-0.00018486834754651	0.00010147087069004
5.6000000000000	-0.00018564981518079	0.00010048507408426
5.6100000000000	-0.00018642699893116	9.9495670998525e-05
5.6200000000000	-0.00018719990274471	9.8502658310373e-05
5.6300000000000	-0.00018796853015812	9.7506032710372e-05
5.6400000000000	-0.00018873288429876	9.6505790707924e-05
5.6500000000000	-0.00018949296788573	9.5501928637000e-05
5.6600000000000	-0.00019024878323089	9.4494442661807e-05
5.6700000000000	-0.00019100033223991	9.3483328782397e-05
5.6800000000000	-0.00019174761641328	9.2468582840194e-05
5.6900000000000	-0.00019249063684733	9.1450200523477e-05
5.7000000000000	-0.00019322939423522	9.0428177372785e-05
5.7100000000000	-0.00019396388886792	8.9402508786278e-05
5.7200000000000	-0.00019469412063523	8.8373190025028e-05
5.7300000000000	-0.00019542008902673	8.7340216218260e-05
5.7400000000000	-0.00019614179313270	8.6303582368541e-05
5.7500000000000	-0.00019685923164515	8.5263283356912e-05
5.7600000000000	-0.00019757240285867	8.4219313947975e-05
5.7700000000000	-0.00019828130467141	8.3171668794923e-05
5.7800000000000	-0.00019898593458599	8.2120342444531e-05
5.7900000000000	-0.00019968628971038	8.1065329342099e-05
5.8000000000000	-0.00020038236675882	8.0006623836346e-05
5.8100000000000	-0.00020107416205266	7.8944220184268e-05
5.8200000000000	-0.00020176167152128	7.7878112555951e-05
5.8300000000000	-0.00020244489070292	7.6808295039345e-05
5.8400000000000	-0.00020312381474553	7.5734761645000e-05
5.8500000000000	-0.00020379843840760	7.4657506310766e-05
5.8600000000000	-0.00020446875605902	7.3576522906454e-05
5.8700000000000	-0.00020513476168185	7.2491805238470e-05
5.8800000000000	-0.00020579644887116	7.1403347054407e-05
5.8900000000000	-0.00020645381083579	7.0311142047613e-05
5.9000000000000	-0.00020710684039917	6.9215183861723e-05
5.9100000000000	-0.00020775553000007	6.8115466095171e-05
5.9200000000000	-0.00020839987169338	6.7011982305660e-05
5.9300000000000	-0.00020903985715085	6.5904726014620e-05
5.9400000000000	-0.00020967547766183	6.4793690711631e-05
5.9500000000000	-0.00021030672413404	6.3678869858827e-05
5.9600000000000	-0.00021093358709424	6.2560256895273e-05
5.9700000000000	-0.00021155605668901	6.1437845241323e-05
5.9800000000000	-0.00021217412268541	6.0311628302956e-05
5.9900000000000	-0.00021278777447171	5.9181599476092e-05
6.0000000000000	-0.00021339700105805	5.8047752150890e-05
6.0100000000000	-0.00021400179107717	5.6910079716027e-05
6.0200000000000	-0.00021460213278506	5.5768575562960e-05
6.0300000000000	-0.00021519801406163	5.4623233090177e-05
6.0400000000000	-0.00021578942241137	5.3474045707423e-05
6.0500000000000	-0.00021637634496403	5.2321006839924e-05
6.0600000000000	-0.00021695876847527	5.1164109932591e-05
6.0700000000000	-0.00021753667932726	5.0003348454211e-05
6.0800000000000	-0.00021811006352938	4.8838715901634e-05
6.0900000000000	-0.00021867890671881	4.7670205803940e-05
6.1000000000000	-0.00021924319416120	4.6497811726603e-05
6.1100000000000	-0.00021980291075127	4.5321527275650e-05
6.1200000000000	-0.00022035804101342	4.4141346101797e-05
6.1300000000000	-0.00022090856910241	4.2957261904599e-05
6.1400000000000	-0.00022145447880389	4.1769268436576e-05
6.1500000000000	-0.00022199575353509	4.0577359507340e-05
6.1600000000000	-0.00022253237634539	3.9381528987723e-05
6.1700000000000	-0.00022306432991693	3.8181770813891e-05
6.1800000000000	-0.00022359159656527	3.6978078991461e-05
6.1900000000000	-0.00022411415823990	3.5770447599614e-05
6.2000000000000	-0.00022463199652496	3.4558870795205e-05
6.2100000000000	-0.00022514509263975	3.3343342816872e-05
6.2200000000000	-0.00022565342743942	3.2123857989146e-05
6.2300000000000	-0.00022615698141552	3.0900410726562e-05
6.2400000000000	-0.00022665573469664	2.9672995537761e-05
6.2500000000000	-0.00022714966704902	2.8441607029611e-05
6.2600000000000	-0.00022763875787714	2.7206239911310e-05
6.2700000000000	-0.00022812298622440	2.5966888998506e-05
6.2800000000000	-0.00022860233077369	2.4723549217415e-05
6.2900000000000	-0.00022907676984801	2.3476215608939e-05
6.3000000000000	-0.00022954628141115	2.2224883332792e-05
6.3100000000000	-0.00023001084306830	2.0969547671630e-05
6.3200000000000	-0.00023047043206667	1.9710204035188e-05
6.3300000000000	-0.00023092502529619	1.8446847964414e-05
6.3400000000000	-0.00023137459929012	1.7179475135620e-05
6.3500000000000	-0.00023181913022574	1.5908081364630e-05
6.3600000000000	-0.00023225859392500	1.4632662610943e-05
6.3700000000000	-0.00023269296585522	1.3353214981893e-05
6.3800000000000	-0.00023312222112979	1.2069734736831e-05
6.3900000000000	-0.00023354633450882	1.0782218291298e-05
6.4000000000000	-0.00023396528039988	9.4906622212177e-06
6.4100000000000	-0.00023437903285875	8.1950632670983e-06
6.4200000000000	-0.00023478756559010	6.8954183382358e-06
6.4300000000000	-0.00023519085194824	5.5917245169324e-06
6.4400000000000	-0.00023558886493791	4.2839790627228e-06
6.4500000000000	-0.00023598157721504	2.9721794166119e-06
6.4600000000000	-0.00023636896108750	1.6563232053195e-06
6.4700000000000	-0.00023675098851593	3.3640824554021e-07
6.4800000000000	-0.00023712763111457	-9.8756745179045e-07
6.4900000000000	-0.00023749886015202	-2.3156056772156e-06
6.5000000000000	-0.00023786464655218	-3.6477080184669e-06
6.5100000000000	-0.00023822496089503	-4.9838758561620e-06
6.5200000000000	-0.00023857977341757	-6.3241103594912e-06
6.5300000000000	-0.00023892905401469	-7.6684124818911e-06
6.5400000000000	-0.00023927277224007	-9.0167829567072e-06
6.5500000000000	-0.00023961089730719	-1.0369222292844e-05
6.5600000000000	-0.00023994339809020	-1.1725730770401e-05
6.5700000000000	-0.00024027024312496	-1.3086308436300e-05
6.5800000000000	-0.00024059140061004	-1.4450955099896e-05
6.5900000000000	-0.00024090683840769	-1.5819670328576e-05
6.6000000000000	-0.00024121652404497	-1.7192453443346e-05
6.6100000000000	-0.00024152042471475	-1.8569303514405e-05
6.6200000000000	-0.00024181850727684	-1.9950219356706e-05
6.6300000000000	-0.00024211073825912	-2.1335199525504e-05
6.6400000000000	-0.00024239708385865	-2.2724242311887e-05
6.6500000000000	-0.00024267750994290	-2.4117345738301e-05
6.6600000000000	-0.00024295198205090	-2.5514507554057e-05
6.6700000000000	-0.00024322046539448	-2.6915725230826e-05
6.6800000000000	-0.00024348292485956	-2.8320995958118e-05
6.6900000000000	-0.00024373932500741	-2.9730316638758e-05
6.7000000000000	-0.00024398963007598	-3.1143683884332e-05
6.7100000000000	-0.00024423380398123	-3.2561094010638e-05
6.7200000000000	-0.00024447181031853	-3.3982543033113e-05
6.7300000000000	-0.00024470361236409	-3.5408026662247e-05
6.7400000000000	-0.00024492917307637	-3.6837540298993e-05
6.7500000000000	-0.00024514845509757	-3.8271079030152e-05
6.7600000000000	-0.00024536142075517	-3.9708637623760e-05
6.7700000000000	-0.00024556803206346	-4.1150210524449e-05
6.7800000000000	-0.00024576825072513	-4.2595791848802e-05
6.7900000000000	-0.00024596203813290	-4.4045375380700e-05
6.8000000000000	-0.00024614935537117	-4.5498954566651e-05
6.8100000000000	-0.00024633016321773	-4.6956522511107e-05
6.8200000000000	-0.00024650442214549	-4.8418071971777e-05
6.8300000000000	-0.00024667209232429	-4.9883595354919e-05
6.8400000000000	-0.00024683313362267	-5.1353084710630e-05
6.8500000000000	-0.00024698750560976	-5.2826531728123e-05
6.8600000000000	-0.00024713516755720	-5.4303927730987e-05
6.8700000000000	-0.00024727607844103	-5.5785263672446e-05
6.8800000000000	-0.00024741019694376	-5.7270530130607e-05
6.8900000000000	-0.00024753748145631	-5.8759717303691e-05
6.9000000000000	-0.00024765789008019	-6.0252815005266e-05
6.9100000000000	-0.00024777138062953	-6.1749812659462e-05
6.9200000000000	-0.00024787791063331	-6.3250699296184e-05
6.9300000000000	-0.00024797743733759	-6.4755463546314e-05
6.9400000000000	-0.00024806991770771	-6.6264093636907e-05
6.9500000000000	-0.00024815530843067	-6.7776577386378e-05
6.9600000000000	-0.00024823356591748	-6.9292902199686e-05
6.9700000000000	-0.00024830464630555	-7.0813055063508e-05
6.9800000000000	-0.00024836850546119	-7.2337022541412e-05
6.9900000000000	-0.00024842509898211	-7.3864790769017e-05
7.0000000000000	-0.00024847438219999	-7.5396345449158e-05
7.0100000000000	-0.00024851631018312	-7.6931671847043e-05
7.0200000000000	-0.00024855083773907	-7.8470754785400e-05
7.0300000000000	-0.00024857791941741	-8.0013578639632e-05
7.0400000000000	-0.00024859750951252	-8.1560127332965e-05
7.0500000000000	-0.00024860956206643	-8.3110384331590e-05
7.0600000000000	-0.00024861403087172	-8.4664332639807e-05
7.0700000000000	-0.00024861086947445	-8.6221954795173e-05
7.0800000000000	-0.00024860003117724	-8.7783232863643e-05
7.0900000000000	-0.00024858146904229	-8.9348148434715e-05
7.1000000000000	-0.00024855513589453	-9.0916682616575e-05
7.1100000000000	-0.00024852098432486	-9.2488816031245e-05
7.1200000000000	-0.00024847896669332	-9.4064528809736e-05
7.1300000000000	-0.00024842903513251	-9.5643800587199e-05
7.1400000000000	-0.00024837114155087	-9.7226610498085e-05
7.1500000000000	-0.00024830523763622	-9.8812937171307e-05
7.1600000000000	-0.00024823127485920	-0.00010040275872541
7.1700000000000	-0.00024814920447687	-0.00010199605276375
7.1800000000000	-0.00024805897753634	-0.00010359279636967
7.1900000000000	-0.00024796054487849	-0.00010519296610169
7.2000000000000	-0.00024785385714170	-0.00010679653798872
7.2100000000000	-0.00024773886476573	-0.00010840348752526
7.2200000000000	-0.00024761551799560	-0.00011001378966661
7.2300000000000	-0.00024748376688555	-0.00011162741882413
7.2400000000000	-0.00024734356130311	-0.00011324434886047
7.2500000000000	-0.00024719485093318	-0.00011486455308480
7.2600000000000	-0.00024703758528222	-0.00011648800424814
7.2700000000000	-0.00024687171368250	-0.00011811467453861
7.2800000000000	-0.00024669718529642	-0.00011974453557673
7.2900000000000	-0.00024651394912088	-0.00012137755841075
7.3000000000000	-0.00024632195399178	-0.00012301371351202
7.3100000000000	-0.00024612114858851	-0.00012465297077028
7.3200000000000	-0.00024591148143859	-0.00012629529948911
7.3300000000000	-0.00024569290092232	-0.00012794066838130
7.3400000000000	-0.00024546535527758	-0.00012958904556424
7.3500000000000	-0.00024522879260459	-0.00013124039855545
7.3600000000000	-0.00024498316087087	-0.00013289469426796
7.3700000000000	-0.00024472840791620	-0.00013455189900585
7.3800000000000	-0.00024446448145764	-0.00013621197845980
7.3900000000000	-0.00024419132909470	-0.00013787489770258
7.4000000000000	-0.00024390889831453	-0.00013954062118467
7.4100000000000	-0.00024361713649716	-0.00014120911272987
7.4200000000000	-0.00024331599092093	-0.00014288033553093
7.4300000000000	-0.00024300540876786	-0.00014455425214523
7.4400000000000	-0.00024268533712917	-0.00014623082449047
7.4500000000000	-0.00024235572301090	-0.00014791001384046
7.4600000000000	-0.00024201651333953	-0.00014959178082086
7.4700000000000	-0.00024166765496776	-0.00015127608540498
7.4800000000000	-0.00024130909468028	-0.00015296288690971
7.4900000000000	-0.00024094077919974	-0.00015465214399133
7.5000000000000	-0.00024056265519266	-0.00015634381464151
7.5100000000000	-0.00024017466927551	-0.00015803785618325
7.5200000000000	-0.00023977676802086	-0.00015973422526694
7.5300000000000	-0.00023936889796357	-0.00016143287786639
7.5400000000000	-0.00023895100560706	-0.00016313376927497
7.5500000000000	-0.00023852303742975	-0.00016483685410177
7.5600000000000	-0.00023808493989142	-0.00016654208626783
7.5700000000000	-0.00023763665943981	-0.00016824941900234
7.5800000000000	-0.00023717814251718	-0.00016995880483903
7.5900000000000	-0.00023670933556700	-0.00017167019561250
7.6000000000000	-0.00023623018504073	-0.00017338354245466
7.6100000000000	-0.00023574063740466	-0.00017509879579118
7.6200000000000	-0.00023524063914679	-0.00017681590533807
7.6300000000000	-0.00023473013678389	-0.00017853482009822
7.6400000000000	-0.00023420907686853	-0.00018025548835813
7.6500000000000	-0.00023367740599622	-0.00018197785768454
7.6600000000000	-0.00023313507081269	-0.00018370187492129
7.6700000000000	-0.00023258201802116	-0.00018542748618611
7.6800000000000	-0.00023201819438974	-0.00018715463686757
7.6900000000000	-0.00023144354675888	-0.00018888327162203
7.7000000000000	-0.00023085802204889	-0.00019061333437071
7.7100000000000	-0.00023026156726760	-0.00019234476829677
7.7200000000000	-0.00022965412951801	-0.00019407751584256
7.7300000000000	-0.00022903565600605	-0.00019581151870683
7.7400000000000	-0.00022840609404844	-0.00019754671784210
7.7500000000000	-0.00022776539108058	-0.00019928305345203
7.7600000000000	-0.00022711349466453	-0.00020102046498898
7.7700000000000	-0.00022645035249709	-0.00020275889115153
7.7800000000000	-0.00022577591241790	-0.00020449826988212
7.7900000000000	-0.00022509012241766	-0.00020623853836485
7.8000000000000	-0.00022439293064638	-0.00020797963302320
7.8100000000000	-0.00022368428542175	-0.00020972148951802
7.8200000000000	-0.00022296413523751	-0.00021146404274548
7.8300000000000	-0.00022223242877195	-0.00021320722683511
7.8400000000000	-0.00022148911489645	-0.00021495097514804
7.8500000000000	-0.00022073414268410	-0.00021669522027519
7.8600000000000	-0.00021996746141835	-0.00021843989403565
7.8700000000000	-0.00021918902060180	-0.00022018492747509
7.8800000000000	-0.00021839876996493	-0.00022193025086434
7.8900000000000	-0.00021759665947507	-0.00022367579369799
7.9000000000000	-0.00021678263934524	-0.00022542148469310
7.9100000000000	-0.00021595666004317	-0.00022716725178809
7.9200000000000	-0.00021511867230039	-0.00022891302214159
7.9300000000000	-0.00021426862712128	-0.00023065872213154
7.9400000000000	-0.00021340647579228	-0.00023240427735428
7.9500000000000	-0.00021253216989109	-0.00023414961262378
7.9600000000000	-0.00021164566129595	-0.00023589465197103
7.9700000000000	-0.00021074690219501	-0.00023763931864344
7.9800000000000	-0.00020983584509563	-0.00023938353510443
7.9900000000000	-0.00020891244283392	-0.00024112722303307
8.0000000000000	-0.00020797664858415	-0.00024287030332388
8.0100000000000	-0.00020702841586831	-0.00024461269608673
8.0200000000000	-0.00020606769856567	-0.00024635432064679
8.0300000000000	-0.00020509445092246	-0.00024809509554472
8.0400000000000	-0.00020410862756146	-0.00024983493853684
8.0500000000000	-0.00020311018349180	-0.00025157376659551
8.0600000000000	-0.00020209907411862	-0.00025331149590962
8.0700000000000	-0.00020107525525294	-0.00025504804188512
8.0800000000000	-0.00020003868312143	-0.00025678331914578
8.0900000000000	-0.00019898931437634	-0.00025851724153397
8.1000000000000	-0.00019792710610532	-0.00026024972211167
8.1100000000000	-0.00019685201584141	-0.00026198067316147
8.1200000000000	-0.00019576400157297	-0.00026371000618785
8.1300000000000	-0.00019466302175369	-0.00026543763191841
8.1400000000000	-0.00019354903531260	-0.00026716346030541
8.1500000000000	-0.00019242200166410	-0.00026888740052727
8.1600000000000	-0.00019128188071804	-0.00027060936099032
8.1700000000000	-0.00019012863288980	-0.00027232924933061
8.1800000000000	-0.00018896221911039	-0.00027404697241587
8.1900000000000	-0.00018778260083658	-0.00027576243634761
8.2000000000000	-0.00018658974006102	-0.00027747554646334
8.2100000000000	-0.00018538359932244	-0.00027918620733892
8.2200000000000	-0.00018416414171573	-0.00028089432279102
8.2300000000000	-0.00018293133090217	-0.00028259979587980
8.2400000000000	-0.00018168513111961	-0.00028430252891159
8.2500000000000	-0.00018042550719261	-0.00028600242344182
8.2600000000000	-0.00017915242454264	-0.00028769938027802
8.2700000000000	-0.00017786584919829	-0.00028939329948297
8.2800000000000	-0.00017656574780541	-0.00029108408037800
8.2900000000000	-0.00017525208763733	-0.00029277162154642
8.3000000000000	-0.00017392483660498	-0.00029445582083705
8.3100000000000	-0.00017258396326711	-0.00029613657536793
8.3200000000000	-0.00017122943684037	-0.00029781378153018
8.3300000000000	-0.00016986122720954	-0.00029948733499192
8.3400000000000	-0.00016847930493755	-0.00030115713070239
8.3500000000000	-0.00016708364127565	-0.00030282306289622
8.3600000000000	-0.00016567420817349	-0.00030448502509778
8.3700000000000	-0.00016425097828914	-0.00030614291012569
8.3800000000000	-0.00016281392499916	-0.00030779661009747
8.3900000000000	-0.00016136302240858	-0.00030944601643437
8.4000000000000	-0.00015989824536090	-0.00031109101986623
8.4100000000000	-0.00015841956944802	-0.00031273151043659
8.4200000000000	-0.00015692697102014	-0.00031436737750786
8.4300000000000	-0.00015542042719566	-0.00031599850976664
8.4400000000000	-0.00015389991587096	-0.00031762479522924
8.4500000000000	-0.00015236541573024	-0.00031924612124720
8.4600000000000	-0.00015081690625524	-0.00032086237451310
8.4700000000000	-0.00014925436773493	-0.00032247344106637
8.4800000000000	-0.00014767778127515	-0.00032407920629934
8.4900000000000	-0.00014608712880822	-0.00032567955496334
8.5000000000000	-0.00014448239310247	-0.00032727437117496
8.5100000000000	-0.00014286355777173	-0.00032886353842250
8.5200000000000	-0.00014123060728472	-0.00033044693957242
8.5300000000000	-0.00013958352697445	-0.00033202445687604
8.5400000000000	-0.00013792230304747	-0.00033359597197633
8.5500000000000	-0.00013624692259313	-0.00033516136591480
8.5600000000000	-0.00013455737359272	-0.00033672051913854
8.5700000000000	-0.00013285364492856	-0.00033827331150738
8.5800000000000	-0.00013113572639300	-0.00033981962230119
8.5900000000000	-0.00012940360869736	-0.00034135933022727
8.6000000000000	-0.00012765728348078	-0.00034289231342790
8.6100000000000	-0.00012589674331901	-0.00034441844948795
8.6200000000000	-0.00012412198173306	-0.00034593761544271
8.6300000000000	-0.00012233299319782	-0.00034744968778572
8.6400000000000	-0.00012052977315060	-0.00034895454247678
8.6500000000000	-0.00011871231799951	-0.00035045205495009
8.6600000000000	-0.00011688062513178	-0.00035194210012247
8.6700000000000	-0.00011503469292206	-0.00035342455240165
8.6800000000000	-0.00011317452074047	-0.00035489928569479
8.6900000000000	-0.00011130010896071	-0.00035636617341699
8.7000000000000	-0.00010941145896795	-0.00035782508849994
8.7100000000000	-0.00010750857316665	-0.00035927590340071
8.7200000000000	-0.00010559145498833	-0.00036071849011058
8.7300000000000	-0.00010366010889913	-0.00036215272016405
8.7400000000000	-0.00010171454040738	-0.00036357846464783
8.7500000000000	-9.9754756070922e-05	-0.00036499559421006
8.7600000000000	-9.7780763504438e-05	-0.00036640397906950
8.7700000000000	-9.5792571386598e-05	-0.00036780348902493
8.7800000000000	-9.3790189467105e-05	-0.00036919399346449
8.7900000000000	-9.1773628573623e-05	-0.00037057536137527
8.8000000000000	-8.9742900618581e-05	-0.00037194746135285
8.8100000000000	-8.7698018605860e-05	-0.00037331016161099
8.8200000000000	-8.5638996637345e-05	-0.00037466332999140
8.8300000000000	-8.3565849919364e-05	-0.00037600683397352
8.8400000000000	-8.1478594768986e-05	-0.00037734054068449
8.8500000000000	-7.9377248620202e-05	-0.00037866431690903
8.8600000000000	-7.7261830029973e-05	-0.00037997802909956
8.8700000000000	-7.5132358684138e-05	-0.00038128154338625
8.8800000000000	-7.2988855403200e-05	-0.00038257472558723
8.8900000000000	-7.0831342147974e-05	-0.00038385744121873
8.9000000000000	-6.8659842025097e-05	-0.00038512955550548
8.9100000000000	-6.6474379292409e-05	-0.00038639093339091
8.9200000000000	-6.4274979364188e-05	-0.00038764143954766
8.9300000000000	-6.2061668816252e-05	-0.00038888093838788
8.9400000000000	-5.9834475390926e-05	-0.00039010929407383
8.9500000000000	-5.7593428001860e-05	-0.00039132637052829
8.9600000000000	-5.5338556738713e-05	-0.00039253203144519
8.9700000000000	-5.3069892871695e-05	-0.00039372614030012
8.9800000000000	-5.0787468855967e-05	-0.00039490856036102
8.9900000000000	-4.8491318335901e-05	-0.00039607915469879
9.0000000000000	-4.6181476149190e-05	-0.00039723778619795
9.0100000000000	-4.3857978330829e-05	-0.00039838431756737
9.0200000000000	-4.1520862116940e-05	-0.00039951861135094
9.0300000000000	-3.9170165948460e-05	-0.00040064052993833
9.0400000000000	-3.6805929474690e-05	-0.00040174993557569
9.0500000000000	-3.4428193556686e-05	-0.00040284669037644
9.0600000000000	-3.2037000270531e-05	-0.00040393065633198
9.0700000000000	-2.9632392910441e-05	-0.00040500169532246
9.0800000000000	-2.7214415991742e-05	-0.00040605966912754
9.0900000000000	-2.4783115253702e-05	-0.00040710443943711
9.1000000000000	-2.2338537662222e-05	-0.00040813586786205
9.1100000000000	-1.9880731412384e-05	-0.00040915381594492
9.1200000000000	-1.7409745930861e-05	-0.00041015814517071
9.1300000000000	-1.4925631878190e-05	-0.00041114871697750
9.1400000000000	-1.2428441150896e-05	-0.00041212539276713
9.1500000000000	-9.9182268834966e-06	-0.00041308803391585
9.1600000000000	-7.3950434503524e-06	-0.00041403650178490
9.1700000000000	-4.8589464673927e-06	-0.00041497065773115
9.1800000000000	-2.3099927937034e-06	-0.00041589036311756
9.1900000000000	2.5175946701768e-07	-0.00041679547932374
9.2000000000000	2.8262509651322e-06	-0.00041768586775638
9.2100000000000	5.4134211038722e-06	-0.00041856138985968
9.2200000000000	8.0132080382656e-06	-0.00041942190712569
9.2300000000000	1.0625548674199e-05	-0.00042026728110464
9.2400000000000	1.3250378667600e-05	-0.00042109737341517
9.2500000000000	1.5887632423740e-05	-0.00042191204575454
9.2600000000000	1.8537243096661e-05	-0.00042271115990875
9.2700000000000	2.1199142588719e-05	-0.00042349457776258
9.2800000000000	2.3873261550242e-05	-0.00042426216130964
9.2900000000000	2.6559529379300e-05	-0.00042501377266222
9.3000000000000	2.9257874221592e-05	-0.00042574927406119
9.3100000000000	3.1968222970435e-05	-0.00042646852788573
9.3200000000000	3.4690501266859e-05	-0.00042717139666303
9.3300000000000	3.7424633499807e-05	-0.00042785774307788
9.3400000000000	4.0170542806438e-05	-0.00042852742998217
9.3500000000000	4.2928151072516e-05	-0.00042918032040435
9.3600000000000	4.5697378932904e-05	-0.00042981627755869
9.3700000000000	4.8478145772144e-05	-0.00043043516485459
9.3800000000000	5.1270369725121e-05	-0.00043103684590562
9.3900000000000	5.4073967677821e-05	-0.00043162118453862
9.4000000000000	5.6888855268150e-05	-0.00043218804480261
9.4100000000000	5.9714946886855e-05	-0.00043273729097756
9.4200000000000	6.2552155678498e-05	-0.00043326878758317
9.4300000000000	6.5400393542504e-05	-0.00043378239938741
9.4400000000000	6.8259571134284e-05	-0.00043427799141503
9.4500000000000	7.1129597866401e-05	-0.00043475542895591
9.4600000000000	7.4010381909814e-05	-0.00043521457757334
9.4700000000000	7.6901830195157e-05	-0.00043565530311211
9.4800000000000	7.9803848414077e-05	-0.00043607747170654
9.4900000000000	8.2716341020617e-05	-0.00043648094978836
9.5000000000000	8.5639211232628e-05	-0.00043686560409445
9.5100000000000	8.8572361033230e-05	-0.00043723130167450
9.5200000000000	9.1515691172295e-05	-0.00043757790989848
9.5300000000000	9.4469101167959e-05	-0.00043790529646403
9.5400000000000	9.7432489308153e-05	-0.00043821332940370
9.5500000000000	0.00010040575265216	-0.00043850187709203
9.5600000000000	0.00010338878703215	-0.00043877080825255
9.5700000000000	0.00010638148705480	-0.00043901999196462
9.5800000000000	0.00010938374610278	-0.00043924929767009
9.5900000000000	0.00011239545633641	-0.00043945859517992
9.6000000000000	0.00011541650869513	-0.00043964775468056
9.6100000000000	0.00011844679289909	-0.00043981664674027
9.6200000000000	0.00012148619745066	-0.00043996514231527
9.6300000000000	0.00012453460963591	-0.00044009311275572
9.6400000000000	0.00012759191552610	-0.00044020042981163
9.6500000000000	0.00013065799997905	-0.00044028696563859
9.6600000000000	0.00013373274664060	-0.00044035259280335
9.6700000000000	0.00013681603794587	-0.00044039718428929
9.6800000000000	0.00013990775512059	-0.00044042061350176
9.6900000000000	0.00014300777818230	-0.00044042275427323
9.7000000000000	0.00014611598594151	-0.00044040348086835
9.7100000000000	0.00014923225600279	-0.00044036266798889
9.7200000000000	0.00015235646476575	-0.00044030019077848
9.7300000000000	0.00015548848742598	-0.00044021592482728
9.7400000000000	0.00015862819797587	-0.00044010974617649
9.7500000000000	0.00016177546920537	-0.00043998153132270
9.7600000000000	0.00016493017270259	-0.00043983115722223
9.7700000000000	0.00016809217885433	-0.00043965850129514
9.7800000000000	0.00017126135684650	-0.00043946344142935
9.7900000000000	0.00017443757466440	-0.00043924585598443
9.8000000000000	0.00017762069909288	-0.00043900562379542
9.8100000000000	0.00018081059571634	-0.00043874262417642
9.8200000000000	0.00018400712891869	-0.00043845673692420
9.8300000000000	0.00018721016188298	-0.00043814784232150
9.8400000000000	0.00019041955659108	-0.00043781582114046
9.8500000000000	0.00019363517382305	-0.00043746055464573
9.8600000000000	0.00019685687315643	-0.00043708192459761
9.8700000000000	0.00020008451296530	-0.00043667981325505
9.8800000000000	0.00020331795041921	-0.00043625410337854
9.8900000000000	0.00020655704148191	-0.00043580467823295
9.9000000000000	0.00020980164090984	-0.00043533142159022
9.9100000000000	0.00021305160225051	-0.00043483421773207
9.9200000000000	0.00021630677784061	-0.00043431295145249
9.9300000000000	0.00021956701880392	-0.00043376750806032
9.9400000000000	0.00022283217504904	-0.00043319777338162
9.9500000000000	0.00022610209526683	-0.00043260363376205
9.9600000000000	0.00022937662692767	-0.00043198497606921
9.9700000000000	0.00023265561627851	-0.00043134168769486
9.9800000000000	0.00023593890833958	-0.00043067365655718
9.9900000000000	0.00023922634690094	-0.00042998077110290
10.000000000000	0.00024251777451877	-0.00042926292030946
10.010000000000	0.00024581303251132	-0.00042851999368717
10.020000000000	0.00024911196095469	-0.00042775188128122
10.030000000000	0.00025241439867831	-0.00042695847367385
10.040000000000	0.00025572018326007	-0.00042613966198639
10.050000000000	0.00025902915102126	-0.00042529533788134
10.060000000000	0.00026234113702120	-0.00042442539356449
10.070000000000	0.00026565597505151	-0.00042352972178699
10.080000000000	0.00026897349763016	-0.00042260821584752
10.090000000000	0.00027229353599517	-0.00042166076959445
10.100000000000	0.00027561592009799	-0.00042068727742806
10.110000000000	0.00027894047859658	-0.00041968763430281
10.120000000000	0.00028226703884819	-0.00041866173572962
10.130000000000	0.00028559542690175	-0.00041760947777835
10.140000000000	0.00028892546748997	-0.00041653075708020
10.150000000000	0.00029225698402111	-0.00041542547083034
10.160000000000	0.00029558979857037	-0.00041429351679051
10.170000000000	0.00029892373187095	-0.00041313479329187
10.180000000000	0.00030225860330479	-0.00041194919923785
10.190000000000	0.00030559423089288	-0.00041073663410718
10.200000000000	0.00030893043128527	-0.00040949699795709
10.210000000000	0.00031226701975070	-0.00040823019142661
10.220000000000	0.00031560381016587	-0.00040693611574008
10.230000000000	0.00031894061500430	-0.00040561467271080
10.240000000000	0.00032227724532482	-0.00040426576474493
10.250000000000	0.00032561351075979	-0.00040288929484549
10.260000000000	0.00032894921950271	-0.00040148516661669
10.270000000000	0.00033228417829572	-0.00040005328426841
10.280000000000	0.00033561819241646	-0.00039859355262093
10.290000000000	0.00033895106566472	-0.00039710587710996
10.300000000000	0.00034228260034859	-0.00039559016379190
10.310000000000	0.00034561259727028	-0.00039404631934937
10.320000000000	0.00034894085571149	-0.00039247425109706
10.330000000000	0.00035226717341841	-0.00039087386698791
10.340000000000	0.00035559134658634	-0.00038924507561955
10.350000000000	0.00035891316984385	-0.00038758778624118
10.360000000000	0.00036223243623657	-0.00038590190876066
10.370000000000	0.00036554893721063	-0.00038418735375217
10.380000000000	0.00036886246259557	-0.00038244403246404
10.390000000000	0.00037217280058698	-0.00038067185682717
10.400000000000	0.00037547973772865	-0.00037887073946374
10.410000000000	0.00037878305889436	-0.00037704059369644
10.420000000000	0.00038208254726923	-0.00037518133355811
10.430000000000	0.00038537798433074	-0.00037329287380184
10.440000000000	0.00038866914982928	-0.00037137512991163
10.450000000000	0.00039195582176831	-0.00036942801811345
10.460000000000	0.00039523777638419	-0.00036745145538692
10.470000000000	0.00039851478812557	-0.00036544535947750
10.480000000000	0.00040178662963237	-0.00036340964890919
10.490000000000	0.00040505307171444	-0.00036134424299790
10.500000000000	0.00040831388332979	-0.00035924906186535
10.510000000000	0.00041156883156244	-0.00035712402645365
10.520000000000	0.00041481768159997	-0.00035496905854041
10.530000000000	0.00041806019671064	-0.00035278408075467
10.540000000000	0.00042129613822011	-0.00035056901659334
10.550000000000	0.00042452526548795	-0.00034832379043848
10.560000000000	0.00042774733588367	-0.00034604832757520
10.570000000000	0.00043096210476247	-0.00034374255421034
10.580000000000	0.00043416932544065	-0.00034140639749193
10.590000000000	0.00043736874917070	-0.00033903978552940
10.600000000000	0.00044056012511608	-0.00033664264741459
10.610000000000	0.00044374320032568	-0.00033421491324366
10.620000000000	0.00044691771970802	-0.00033175651413971
10.630000000000	0.00045008342600514	-0.00032926738227644
10.640000000000	0.00045324005976624	-0.00032674745090253
10.650000000000	0.00045638735932103	-0.00032419665436711
10.660000000000	0.00045952506075286	-0.00032161492814600
10.670000000000	0.00046265289787164	-0.00031900220886907
10.680000000000	0.00046577060218650	-0.00031635843434843
10.690000000000	0.00046887790287826	-0.00031368354360778
10.700000000000	0.00047197452677174	-0.00031097747691267
10.710000000000	0.00047506019830785	-0.00030824017580187
10.720000000000	0.00047813463951558	-0.00030547158311985
10.730000000000	0.00048119756998383	-0.00030267164305027
10.740000000000	0.00048424870683313	-0.00029984030115072
10.750000000000	0.00048728776468724	-0.00029697750438849
10.760000000000	0.00049031445564471	-0.00029408320117759
10.770000000000	0.00049332848925039	-0.00029115734141699
10.780000000000	0.00049632957246686	-0.00028819987652999
10.790000000000	0.00049931740964589	-0.00028521075950492
10.800000000000	0.00050229170249993	-0.00028218994493709
10.810000000000	0.00050525215007360	-0.00027913738907204
10.820000000000	0.00050819844871528	-0.00027605304985010
10.830000000000	0.00051113029204878	-0.00027293688695232
10.840000000000	0.00051404737094514	-0.00026978886184771
10.850000000000	0.00051694937349458	-0.00026660893784196
10.860000000000	0.00051983598497862	-0.00026339708012755
10.870000000000	0.00052270688784248	-0.00026015325583521
10.880000000000	0.00052556176166759	-0.00025687743408702
10.890000000000	0.00052840028314457	-0.00025356958605083
10.900000000000	0.00053122212604634	-0.00025022968499632
10.910000000000	0.00053402696120172	-0.00024685770635249
10.920000000000	0.00053681445646936	-0.00024345362776679
10.930000000000	0.00053958427671207	-0.00024001742916578
10.940000000000	0.00054233608377171	-0.00023654909281745
10.950000000000	0.00054506953644451	-0.00023304860339508
10.960000000000	0.00054778429045697	-0.00022951594804278
10.970000000000	0.00055047999844234	-0.00022595111644278
10.980000000000	0.00055315630991781	-0.00022235410088424
10.990000000000	0.00055581287126227	-0.00021872489633392
11.000000000000	0.00055844932569492	-0.00021506350050849
11.010000000000	0.00056106531325458	-0.00021136991394858
11.020000000000	0.00056366047077993	-0.00020764414009467
11.030000000000	0.00056623443189051	-0.00020388618536465
11.040000000000	0.00056878682696880	-0.00020009605923322
11.050000000000	0.00057131728314320	-0.00019627377431316
11.060000000000	0.00057382542427209	-0.00019241934643829
11.070000000000	0.00057631087092903	-0.00018853279474842
11.080000000000	0.00057877324038912	-0.00018461414177600
11.090000000000	0.00058121214661654	-0.00018066341353474
11.100000000000	0.00058362720025347	-0.00017668063961003
11.110000000000	0.00058601800861032	-0.00017266585325131
11.120000000000	0.00058838417565741	-0.00016861909146625
11.130000000000	0.00059072530201809	-0.00016454039511687
11.140000000000	0.00059304098496351	-0.00016042980901751
11.150000000000	0.00059533081840892	-0.00015628738203480
11.160000000000	0.00059759439291182	-0.00015211316718940
11.170000000000	0.00059983129567169	-0.00014790722175976
11.180000000000	0.00060204111053176	-0.00014366960738769
11.190000000000	0.00060422341798260	-0.00013940039018588
11.200000000000	0.00060637779516777	-0.00013509964084732
11.210000000000	0.00060850381589151	-0.00013076743475654
11.220000000000	0.00061060105062868	-0.00012640385210279
11.230000000000	0.00061266906653685	-0.00012200897799508
11.240000000000	0.00061470742747081	-0.00011758290257900
11.250000000000	0.00061671569399947	-0.00011312572115549
11.260000000000	0.00061869342342528	-0.00010863753430128
11.270000000000	0.00062064016980619	-0.00010411844799128
11.280000000000	0.00062255548398044	-9.9568573722609e-05
11.290000000000	0.00062443891359395	-9.4988028640435e-05
11.300000000000	0.00062629000313073	-9.0376935665517e-05
11.310000000000	0.00062810829394617	-8.5735423623428e-05
11.320000000000	0.00062989332430340	-8.1063627375411e-05
11.330000000000	0.00063164462941288	-7.6361687950861e-05
11.340000000000	0.00063336174147512	-7.1629752681363e-05
11.350000000000	0.00063504418972687	-6.6867975336249e-05
11.360000000000	0.00063669150049068	-6.2076516259639e-05
11.370000000000	0.00063830319722804	-5.7255542508877e-05
11.380000000000	0.00063987880059618	-5.2405227994370e-05
11.390000000000	0.00064141782850862	-4.7525753620683e-05
11.400000000000	0.00064291979619952	-4.2617307428920e-05
11.410000000000	0.00064438421629209	-3.7680084740248e-05
11.420000000000	0.00064581059887096	-3.2714288300526e-05
11.430000000000	0.00064719845155874	-2.7720128425978e-05
11.440000000000	0.00064854727959690	-2.2697823149778e-05
11.450000000000	0.00064985658593093	-1.7647598369531e-05
11.460000000000	0.00065112587130003	-1.2569687995490e-05
11.470000000000	0.00065235463433131	-7.4643340994772e-06
11.480000000000	0.00065354237163879	-2.3317870643561e-06
11.490000000000	0.00065468857792700	2.8276942659988e-06
11.500000000000	0.00065579274609961	8.0138424363850e-06
11.510000000000	0.00065685436737295	1.3226381229703e-05
11.520000000000	0.00065787293139461	1.8465025516243e-05
11.530000000000	0.00065884792636728	2.3729481102984e-05
11.540000000000	0.00065977883917777	2.9019444582994e-05
11.550000000000	0.00066066515553144	3.4334603185116e-05
11.560000000000	0.00066150636009207	3.9674634624013e-05
11.570000000000	0.00066230193662729	4.5039206950803e-05
11.580000000000	0.00066305136815964	5.0427978404347e-05
11.590000000000	0.00066375413712333	5.5840597263418e-05
11.600000000000	0.00066440972552680	6.1276701699883e-05
11.610000000000	0.00066501761512120	6.6735919633052e-05
11.620000000000	0.00066557728757477	7.2217868585413e-05
11.630000000000	0.00066608822465330	7.7722155539880e-05
11.640000000000	0.00066654990840663	8.3248376798795e-05
11.650000000000	0.00066696182136139	8.8796117844824e-05
11.660000000000	0.00066732344671986	9.4364953203980e-05
11.670000000000	0.00066763426856520	9.9954446310974e-05
11.680000000000	0.00066789377207295	0.00010556414937707
11.690000000000	0.00066810144372894	0.00011119360326074
11.700000000000	0.00066825677155354	0.00011684233734117
11.710000000000	0.00066835924533245	0.00012250986939513
11.720000000000	0.00066840835685389	0.00012819570547709
11.730000000000	0.00066840360015231	0.00013389933980314
11.740000000000	0.00066834447175858	0.00013962025463871
11.750000000000	0.00066823047095671	0.00014535792019050
11.760000000000	0.00066806110004706	0.00015111179450282
11.770000000000	0.00066783586461608	0.00015688132335854
11.780000000000	0.00066755427381247	0.00016266594018503
11.790000000000	0.00066721584062986	0.00016846506596525
11.800000000000	0.00066682008219583	0.00017427810915431
11.810000000000	0.00066636652006735	0.00018010446560181
11.820000000000	0.00066585468053254	0.00018594351848011
11.830000000000	0.00066528409491862	0.00019179463821901
11.840000000000	0.00066465429990609	0.00019765718244696
11.850000000000	0.00066396483784897	0.00020353049593913
11.860000000000	0.00066321525710099	0.00020941391057267
11.870000000000	0.00066240511234775	0.00021530674528950
11.880000000000	0.00066153396494451	0.00022120830606669
11.890000000000	0.00066060138325970	0.00022711788589510
11.900000000000	0.00065960694302386	0.00023303476476618
11.910000000000	0.00065855022768388	0.00023895820966759
11.920000000000	0.00065743082876242	0.00024488747458766
11.930000000000	0.00065624834622225	0.00025082180052911
11.940000000000	0.00065500238883538	0.00025676041553239
11.950000000000	0.00065369257455670	0.00026270253470875
11.960000000000	0.00065231853090194	0.00026864736028354
11.970000000000	0.00065087989532976	0.00027459408164989
11.980000000000	0.00064937631562758	0.00028054187543313
11.990000000000	0.00064780745030100	0.00028648990556614
12.000000000000	0.00064617296896651	0.00029243732337607
12.010000000000	0.00064447255274709	0.00029838326768256
12.020000000000	0.00064270589467054	0.00030432686490777
12.030000000000	0.00064087270007010	0.00031026722919852
12.040000000000	0.00063897268698701	0.00031620346256072
12.050000000000	0.00063700558657473	0.00032213465500647
12.060000000000	0.00063497114350441	0.00032805988471384
12.070000000000	0.00063286911637115	0.00033397821819982
12.080000000000	0.00063069927810081	0.00033988871050647
12.090000000000	0.00062846141635671	0.00034579040540053
12.100000000000	0.00062615533394607	0.00035168233558677
12.110000000000	0.00062378084922552	0.00035756352293505
12.120000000000	0.00062133779650529	0.00036343297872150
12.130000000000	0.00061882602645165	0.00036928970388382
12.140000000000	0.00061624540648710	0.00037513268929090
12.150000000000	0.00061359582118770	0.00038096091602682
12.160000000000	0.00061087717267720	0.00038677335568943
12.170000000000	0.00060808938101731	0.00039256897070349
12.180000000000	0.00060523238459365	0.00039834671464855
12.190000000000	0.00060230614049680	0.00040410553260151
12.200000000000	0.00059931062489789	0.00040984436149393
12.210000000000	0.00059624583341821	0.00041556213048419
12.220000000000	0.00059311178149218	0.00042125776134430
12.230000000000	0.00058990850472321	0.00042693016886153
12.240000000000	0.00058663605923176	0.00043257826125456
12.250000000000	0.00058329452199507	0.00043820094060437
12.260000000000	0.00057988399117794	0.00044379710329948
12.270000000000	0.00057640458645394	0.00044936564049555
12.280000000000	0.00057285644931645	0.00045490543858923
12.290000000000	0.00056923974337902	0.00046041537970590
12.300000000000	0.00056555465466418	0.00046589434220125
12.310000000000	0.00056180139188047	0.00047134120117644
12.320000000000	0.00055798018668668	0.00047675482900650
12.330000000000	0.00055409129394306	0.00048213409588173
12.340000000000	0.00055013499194861	0.00048747787036178
12.350000000000	0.00054611158266403	0.00049278501994211
12.360000000000	0.00054202139191970	0.00049805441163227
12.370000000000	0.00053786476960806	0.00050328491254591
12.380000000000	0.00053364208985990	0.00050847539050175
12.390000000000	0.00052935375120390	0.00051362471463529
12.400000000000	0.00052500017670904	0.00051873175602069
12.410000000000	0.00052058181410910	0.00052379538830224
12.420000000000	0.00051609913590899	0.00052881448833505
12.430000000000	0.00051155263947220	0.00053378793683415
12.440000000000	0.00050694284708906	0.00053871461903165
12.450000000000	0.00050227030602520	0.00054359342534114
12.460000000000	0.00049753558854983	0.00054842325202883
12.470000000000	0.00049273929194350	0.00055320300189059
12.480000000000	0.00048788203848473	0.00055793158493439
12.490000000000	0.00048296447541542	0.00056260791906730
12.500000000000	0.00047798727488445	0.00056723093078623
12.510000000000	0.00047295113386925	0.00057179955587190
12.520000000000	0.00046785677407514	0.00057631274008495
12.530000000000	0.00046270494181205	0.00058076943986364
12.540000000000	0.00045749640784838	0.00058516862302214
12.550000000000	0.00045223196724200	0.00058950926944869
12.560000000000	0.00044691243914803	0.00059379037180271
12.570000000000	0.00044153866660332	0.00059801093621002
12.580000000000	0.00043611151628768	0.00060216998295532
12.590000000000	0.00043063187826158	0.00060626654717091
12.600000000000	0.00042510066568054	0.00061029967952103
12.610000000000	0.00041951881448603	0.00061426844688054
12.620000000000	0.00041388728307312	0.00061817193300738
12.630000000000	0.00040820705193487	0.00062200923920768
12.640000000000	0.00040247912328359	0.00062577948499272
12.650000000000	0.00039670452064928	0.00062948180872670
12.660000000000	0.00039088428845536	0.00063311536826461
12.670000000000	0.00038501949157194	0.00063667934157908
12.680000000000	0.00037911121484707	0.00064017292737546
12.690000000000	0.00037316056261616	0.00064359534569419
12.700000000000	0.00036716865819002	0.00064694583849950
