#Parameters = {a=0.5; d=0.035; h=9; p=3; phi=0; r_1=2; r_2=2.7; s=0.2; t=0.2; theta=0; w=12}
#"Wavelength / nm"	"T_Zmax(2),Zmax(1) [Magnitude]"
#-------------------------------------------------
23605705.354331	5.5335174150889e-07
23624307.171001	5.5346377449123e-07
23642938.328076	5.5354669016729e-07
23661598.895028	5.5360059288388e-07
23680288.941548	5.5362559649408e-07
23699008.537549	5.5362182422141e-07
23717757.753165	5.5358940851688e-07
23736536.658749	5.5352849090908e-07
23755345.324881	5.5343922184773e-07
23774183.822363	5.5332176054079e-07
23793052.222222	5.5317627478551e-07
23811950.595711	5.5300294079364e-07
23830879.014308	5.5280194301114e-07
23849837.549722	5.5257347393263e-07
23868826.273885	5.5231773391084e-07
23887845.258964	5.5203493096150e-07
23906894.577352	5.5172528056379e-07
23925974.301676	5.5138900545681e-07
23945084.504792	5.5102633543222e-07
23964225.259792	5.5063750712350e-07
23983396.640000	5.5022276379207e-07
24002598.718975	5.4978235511053e-07
24021831.570513	5.4931653694342e-07
24041095.268645	5.4882557112574e-07
24060389.887640	5.4830972523950e-07
24079715.502008	5.4776927238876e-07
24099072.186495	5.4720449097317e-07
24118460.016090	5.4661566446063e-07
24137879.066023	5.4600308115906e-07
24157329.411765	5.4536703398782e-07
24176811.129032	5.4470782024883e-07
24196324.293785	5.4402574139783e-07
24215868.982229	5.4332110281595e-07
24235445.270816	5.4259421358188e-07
24255053.236246	5.4184538624494e-07
24274692.955466	5.4107493659916e-07
24294364.505673	5.4028318345876e-07
24314067.964315	5.3947044843519e-07
24333803.409091	5.3863705571592e-07
24353570.917953	5.3778333184528e-07
24373370.569106	5.3690960550746e-07
24393202.441009	5.3601620731193e-07
24413066.612378	5.3510346958152e-07
24432963.162184	5.3417172614311e-07
24452892.169657	5.3322131212147e-07
24472853.714286	5.3225256373602e-07
24492847.875817	5.3126581810099e-07
24512874.734260	5.3026141302890e-07
24532934.369885	5.2923968683764e-07
24553026.863227	5.2820097816113e-07
24573152.295082	5.2714562576386e-07
24593310.746514	5.2607396835930e-07
24613502.298851	5.2498634443221e-07
24633727.033689	5.2388309206521e-07
24653985.032895	5.2276454876935e-07
24674276.378601	5.2163105131900e-07
24694601.153213	5.2048293559108e-07
24714959.439406	5.1932053640854e-07
24735351.320132	5.1814418738843e-07
24755776.878613	5.1695422079424e-07
24776236.198347	5.1575096739289e-07
24796729.363110	5.1453475631615e-07
24817256.456954	5.1330591492663e-07
24837817.564209	5.1206476868833e-07
24858412.769486	5.1081164104175e-07
24879042.157676	5.0954685328355e-07
24899705.813953	5.0827072445079e-07
24920403.823774	5.0698357120967e-07
24941136.272879	5.0568570774886e-07
24961903.247294	5.0437744567727e-07
24982704.833333	5.0305909392635e-07
25003541.117598	5.0173095865678e-07
25024412.186978	5.0039334316959e-07
25045318.128655	4.9904654782163e-07
25066259.030100	4.9769086994538e-07
25087234.979079	4.9632660377296e-07
25108246.063652	4.9495404036442e-07
25129292.372171	4.9357346754011e-07
25150373.993289	4.9218516981716e-07
25171491.015953	4.9078942835003e-07
25192643.529412	4.8938652087490e-07
25213831.623213	4.8797672165808e-07
25235055.387205	4.8656030144809e-07
25256314.911542	4.8513752743159e-07
25277610.286678	4.8370866319287e-07
25298941.603376	4.8227396867703e-07
25320308.952703	4.8083370015653e-07
25341712.426035	4.7938811020125e-07
25363152.115059	4.7793744765185e-07
25384628.111770	4.7648195759638e-07
25406140.508475	4.7502188135005e-07
25427689.397795	4.7355745643809e-07
25449274.872666	4.7208891658158e-07
25470897.026338	4.7061649168623e-07
25492555.952381	4.6914040783395e-07
25514251.744681	4.6766088727713e-07
25535984.497445	4.6617814843564e-07
25557754.305200	4.6469240589629e-07
25579561.262799	4.6320387041489e-07
25601405.465414	4.6171274892057e-07
25623287.008547	4.6021924452250e-07
25645205.988024	4.5872355651879e-07
25667162.500000	4.5722588040754e-07
25689156.640960	4.5572640789992e-07
25711188.507719	4.5422532693526e-07
25733258.197425	4.5272282169801e-07
25755365.807560	4.5121907263652e-07
25777511.435942	4.4971425648355e-07
25799695.180723	4.4820854627841e-07
25821917.140396	4.4670211139075e-07
25844177.413793	4.4519511754581e-07
25866476.100086	4.4368772685107e-07
25888813.298791	4.4218009782432e-07
25911189.109767	4.4067238542302e-07
25933603.633218	4.3916474107480e-07
25956056.969697	4.3765731270926e-07
25978549.220104	4.3615024479068e-07
26001080.485690	4.3464367835189e-07
26023650.868056	4.3313775102905e-07
26046260.469157	4.3163259709735e-07
26068909.391304	4.3012834750746e-07
26091597.737163	4.2862512992294e-07
26114325.609756	4.2712306875817e-07
26137093.112467	4.2562228521709e-07
26159900.349040	4.2412289733252e-07
26182747.423581	4.2262502000602e-07
26205634.440559	4.2112876504828e-07
26228561.504812	4.1963424121998e-07
26251528.721541	4.1814155427307e-07
26274536.196319	4.1665080699241e-07
26297584.035088	4.1516209923773e-07
26320672.344162	4.1367552798593e-07
26343801.230228	4.1219118737355e-07
26366970.800352	4.1070916873952e-07
26390181.161972	4.0922956066801e-07
26413432.422907	4.0775244903143e-07
26436724.691358	4.0627791703359e-07
26460058.075905	4.0480604525284e-07
26483432.685512	4.0333691168525e-07
26506848.629531	4.0187059178785e-07
26530306.017699	4.0040715852178e-07
26553804.960142	3.9894668239539e-07
26577345.567376	3.9748923150728e-07
26600927.950311	3.9603487158917e-07
26624552.220249	3.9458366604875e-07
26648218.488889	3.9313567601220e-07
26671926.868327	3.9169096036669e-07
26695677.471060	3.9024957580254e-07
26719470.409982	3.8881157685527e-07
26743305.798394	3.8737701594734e-07
26767183.750000	3.8594594342960e-07
26791104.378910	3.8451840762255e-07
26815067.799642	3.8309445485725e-07
26839074.127126	3.8167412951587e-07
26863123.476703	3.8025747407204e-07
26887215.964126	3.7884452913073e-07
26911351.705566	3.7743533346788e-07
26935530.817610	3.7602992406958e-07
26959753.417266	3.7462833617096e-07
26984019.621962	3.7323060329461e-07
27008329.549550	3.7183675728871e-07
27032683.318305	3.7044682836462e-07
27057081.046931	3.6906084513421e-07
27081522.854562	3.6767883464663e-07
27106008.860759	3.6630082242478e-07
27130539.185520	3.6492683250126e-07
27155113.949275	3.6355688745391e-07
27179733.272892	3.6219100844092e-07
27204397.277677	3.6082921523551e-07
27229106.085377	3.5947152626010e-07
27253859.818182	3.5811795862007e-07
27278658.598726	3.5676852813709e-07
27303502.550091	3.5542324938193e-07
27328391.795807	3.5408213570682e-07
27353326.459854	3.5274519927742e-07
27378306.666667	3.5141245110423e-07
27403332.541133	3.5008390107360e-07
27428404.208600	3.4875955797824e-07
27453521.794872	3.4743942954730e-07
27478685.426214	3.4612352247596e-07
27503895.229358	3.4481184245455e-07
27529151.331497	3.4350439419725e-07
27554453.860294	3.4220118147027e-07
27579802.943882	3.4090220711963e-07
27605198.710866	3.3960747309841e-07
27630641.290323	3.3831698049366e-07
27656130.811808	3.3703072955269e-07
27681667.405355	3.3574871970910e-07
27707251.201479	3.3447094960816e-07
27732882.331175	3.3319741713195e-07
27758560.925926	3.3192811942387e-07
27784287.117702	3.3066305291285e-07
27810061.038961	3.2940221333704e-07
27835882.822656	3.2814559576709e-07
27861752.602230	3.2689319462903e-07
27887670.511628	3.2564500372670e-07
27913636.685289	3.2440101626371e-07
27939651.258155	3.2316122486510e-07
27965714.365672	3.2192562159844e-07
27991826.143791	3.2069419799466e-07
28017986.728972	3.1946694506838e-07
28044196.258185	3.1824385333785e-07
28070454.868914	3.1702491284457e-07
28096762.699157	3.1581011317237e-07
28123119.887430	3.1459944346628e-07
28149526.572770	3.1339289245085e-07
28175982.894737	3.1219044844821e-07
28202488.993415	3.1099209939570e-07
28229045.009416	3.0979783286315e-07
28255651.083883	3.0860763606974e-07
28282307.358491	3.0742149590060e-07
28309013.975449	3.0623939892296e-07
28335771.077505	3.0506133140201e-07
28362578.807947	3.0388727931635e-07
28389437.310606	3.0271722837317e-07
28416346.729858	3.0155116402305e-07
28443307.210626	3.0038907147440e-07
28470318.898386	2.9923093570765e-07
28497381.939163	2.9807674148904e-07
28524496.479543	2.9692647338414e-07
28551662.666667	2.9578011577099e-07
28578880.648236	2.9463765285303e-07
28606150.572519	2.9349906867164e-07
28633472.588348	2.9236434711841e-07
28660846.845124	2.9123347194709e-07
28688273.492823	2.9010642678530e-07
28715752.681992	2.8898319514589e-07
28743284.563758	2.8786376043806e-07
28770869.289827	2.8674810597818e-07
28798507.012488	2.8563621500033e-07
28826197.884615	2.8452807066658e-07
28853942.059673	2.8342365607700e-07
28881739.691715	2.8232295427943e-07
28909590.935391	2.8122594827892e-07
28937495.945946	2.8013262104701e-07
28965454.879227	2.7904295553069e-07
28993467.891683	2.7795693466116e-07
29021535.140368	2.7687454136228e-07
29049656.782946	2.7579575855886e-07
29077832.977692	2.7472056918469e-07
29106063.883495	2.7364895619030e-07
29134349.659864	2.7258090255052e-07
29162690.466926	2.7151639127186e-07
29191086.465433	2.7045540539960e-07
29219537.816764	2.6939792802468e-07
29248044.682927	2.6834394229041e-07
29276607.226562	2.6729343139896e-07
29305225.610948	2.6624637861761e-07
29333900.000000	2.6520276728484e-07
29362630.558276	2.6416258081619e-07
29391417.450980	2.6312580270997e-07
29420260.843965	2.6209241655271e-07
29449160.903733	2.6106240602447e-07
29478117.797443	2.6003575490398e-07
29507131.692913	2.5901244707352e-07
29536202.758621	2.5799246652372e-07
29565331.163708	2.5697579735810e-07
29594517.077986	2.5596242379749e-07
29623760.671937	2.5495233018426e-07
29653062.116716	2.5394550098637e-07
29682421.584158	2.5294192080130e-07
29711839.246779	2.5194157435974e-07
29741315.277778	2.5094444652922e-07
29770849.851043	2.4995052231753e-07
29800443.141153	2.4895978687595e-07
29830095.323383	2.4797222550240e-07
29859806.573705	2.4698782364444e-07
29889577.068794	2.4600656690204e-07
29919406.986028	2.4502844103032e-07
29949296.503496	2.4405343194206e-07
29979245.800000	2.4308152571014e-07
30009255.055055	2.4211270856981e-07
30039324.448898	2.4114696692080e-07
30069454.162487	2.4018428732939e-07
30099644.377510	2.3922465653023e-07
30129895.276382	2.3826806142818e-07
30160207.042254	2.3731448909988e-07
30190579.859013	2.3636392679531e-07
30221013.911290	2.3541636193916e-07
30251509.384460	2.3447178213217e-07
30282066.464646	2.3353017515222e-07
30312685.338726	2.3259152895548e-07
30343366.194332	2.3165583167729e-07
30374109.219858	2.3072307163303e-07
30404914.604462	2.2979323731888e-07
30435782.538071	2.2886631741243e-07
30466713.211382	2.2794230077324e-07
30497706.815870	2.2702117644324e-07
30528763.543788	2.2610293364711e-07
30559883.588175	2.2518756179251e-07
30591067.142857	2.2427505047024e-07
30622314.402451	2.2336538945429e-07
30653625.562372	2.2245856870183e-07
30685000.818833	2.2155457835309e-07
30716440.368852	2.2065340873115e-07
30747944.410256	2.1975505034169e-07
30779513.141684	2.1885949387260e-07
30811146.762590	2.1796673019356e-07
30842845.473251	2.1707675035549e-07
30874609.474768	2.1618954558998e-07
30906438.969072	2.1530510730862e-07
30938334.158927	2.1442342710225e-07
30970295.247934	2.1354449674015e-07
31002322.440538	2.1266830816914e-07
31034415.942029	2.1179485351267e-07
31066575.958549	2.1092412506976e-07
31098802.697095	2.1005611531396e-07
31131096.365524	2.0919081689218e-07
31163457.172557	2.0832822262351e-07
31195885.327784	2.0746832549794e-07
31228381.041667	2.0661111867503e-07
31260944.525547	2.0575659548257e-07
31293575.991649	2.0490474941514e-07
31326275.653083	2.0405557413260e-07
31359043.723849	2.0320906345858e-07
31391880.418848	2.0236521137888e-07
31424785.953878	2.0152401203986e-07
31457760.545645	2.0068545974673e-07
31490804.411765	1.9984954896186e-07
31523917.770768	1.9901627430298e-07
31557100.842105	1.9818563054135e-07
31590353.846154	1.9735761259998e-07
31623677.004219	1.9653221555166e-07
31657070.538543	1.9570943461707e-07
31690534.672304	1.9488926516278e-07
31724069.629630	1.9407170269927e-07
31757675.635593	1.9325674287891e-07
31791352.916225	1.9244438149381e-07
31825101.698514	1.9163461447382e-07
31858922.210414	1.9082743788430e-07
31892814.680851	1.9002284792402e-07
31926779.339723	1.8922084092295e-07
31960816.417910	1.8842141334001e-07
31994926.147279	1.8762456176090e-07
32029108.760684	1.8683028289575e-07
32063364.491979	1.8603857357688e-07
32097693.576017	1.8524943075649e-07
32132096.248660	1.8446285150429e-07
32166572.746781	1.8367883300519e-07
32201123.308271	1.8289737255691e-07
32235748.172043	1.8211846756760e-07
32270447.578041	1.8134211555343e-07
32305221.767241	1.8056831413617e-07
32340070.981661	1.7979706104081e-07
32374995.464363	1.7902835409302e-07
32409995.459459	1.7826219121682e-07
32445071.212121	1.7749857043199e-07
32480222.968581	1.7673748985171e-07
32515450.976139	1.7597894768001e-07
32550755.483170	1.7522294220931e-07
32586136.739130	1.7446947181791e-07
32621594.994559	1.7371853496753e-07
32657130.501089	1.7297013020076e-07
32692743.511450	1.7222425613860e-07
32728434.279476	1.7148091147791e-07
32764203.060109	1.7074009498897e-07
32800050.109409	1.7000180551290e-07
32835975.684556	1.6926604195921e-07
32871980.043860	1.6853280330325e-07
32908063.446762	1.6780208858378e-07
32944226.153846	1.6707389690039e-07
32980468.426843	1.6634822741108e-07
33016790.528634	1.6562507932974e-07
33053192.723264	1.6490445192367e-07
33089675.275938	1.6418634451112e-07
33126238.453039	1.6347075645883e-07
33162882.522124	1.6275768717957e-07
33199607.751938	1.6204713612970e-07
33236414.412417	1.6133910280672e-07
33273302.774695	1.6063358674689e-07
33310273.111111	1.5993058752277e-07
33347325.695217	1.5923010474086e-07
33384460.801782	1.5853213803921e-07
33421678.706800	1.5783668708504e-07
33458979.687500	1.5714375157241e-07
33496364.022346	1.5645333121985e-07
33533831.991051	1.5576542576809e-07
33571383.874580	1.5508003497770e-07
33609019.955157	1.5439715862685e-07
33646740.516274	1.5371679650901e-07
33684545.842697	1.5303894843076e-07
33722436.220472	1.5236361420948e-07
33760411.936937	1.5169079367121e-07
33798473.280722	1.5102048664845e-07
33836620.541761	1.5035269297796e-07
33874854.011299	1.4968741249869e-07
33913173.981900	1.4902464504959e-07
33951580.747452	1.4836439046754e-07
33990074.603175	1.4770664858529e-07
34028655.845630	1.4705141922942e-07
34067324.772727	1.4639870221826e-07
34106081.683732	1.4574849735998e-07
34144926.879271	1.4510080445053e-07
34183860.661345	1.4445562327177e-07
34222883.333333	1.4381295358948e-07
34261995.200000	1.4317279515152e-07
34301196.567506	1.4253514768596e-07
34340487.743414	1.4190001089920e-07
34379869.036697	1.4126738447421e-07
34419340.757750	1.4063726806872e-07
34458903.218391	1.4000966131349e-07
34498556.731876	1.3938456381054e-07
34538301.612903	1.3876197513151e-07
34578138.177624	1.3814189481598e-07
34618066.743649	1.3752432236981e-07
34658087.630058	1.3690925726356e-07
34698201.157407	1.3629669893092e-07
34738407.647740	1.3568664676713e-07
34778707.424594	1.3507910012753e-07
34819100.813008	1.3447405832602e-07
34859588.139535	1.3387152063363e-07
34900169.732247	1.3327148627711e-07
34940845.920746	1.3267395443754e-07
34981617.036173	1.3207892424897e-07
35022483.411215	1.3148639479710e-07
35063445.380117	1.3089636511797e-07
35104503.278689	1.3030883419675e-07
35145657.444314	1.2972380096646e-07
35186908.215962	1.2914126430679e-07
35228255.934195	1.2856122304296e-07
35269700.941176	1.2798367594458e-07
35311243.580683	1.2740862172454e-07
35352884.198113	1.2683605903796e-07
35394623.140496	1.2626598648114e-07
35436460.756501	1.2569840259059e-07
35478397.396450	1.2513330584203e-07
35520433.412322	1.2457069464950e-07
35562569.157770	1.2401056736442e-07
35604804.988124	1.2345292227472e-07
35647141.260404	1.2289775760405e-07
35689578.333333	1.2234507151091e-07
35732116.567342	1.2179486208793e-07
35774756.324582	1.2124712736113e-07
35817497.968937	1.2070186528916e-07
35860341.866029	1.2015907376271e-07
35903288.383234	1.1961875060378e-07
35946337.889688	1.1908089356514e-07
35989490.756303	1.1854550032969e-07
36032747.355769	1.1801256850998e-07
36076108.062575	1.1748209564763e-07
36119573.253012	1.1695407921289e-07
36163143.305187	1.1642851660416e-07
36206818.599034	1.1590540514759e-07
36250599.516324	1.1538474209667e-07
36294486.440678	1.1486652463186e-07
36338479.757576	1.1435074986030e-07
36382579.854369	1.1383741481548e-07
36426787.120292	1.1332651645695e-07
36471101.946472	1.1281805167012e-07
36515524.725944	1.1231201726603e-07
36560055.853659	1.1180840998117e-07
36604695.726496	1.1130722647732e-07
36649444.743276	1.1080846334143e-07
36694303.304774	1.1031211708552e-07
36739271.813725	1.0981818414662e-07
36784350.674847	1.0932666088673e-07
36829540.294840	1.0883754359280e-07
36874841.082411	1.0835082847673e-07
36920253.448276	1.0786651167546e-07
36965777.805179	1.0738458925096e-07
37011414.567901	1.0690505719043e-07
37057164.153276	1.0642791140630e-07
37103026.980198	1.0595314773648e-07
37149003.469641	1.0548076194447e-07
37195094.044665	1.0501074971957e-07
37241299.130435	1.0454310667713e-07
37287619.154229	1.0407782835873e-07
37334054.545455	1.0361491023253e-07
37380605.735661	1.0315434769349e-07
37427273.158552	1.0269613606376e-07
37474057.250000	1.0224027059293e-07
37520958.448060	1.0178674645848e-07
37567977.192982	1.0133555876609e-07
37615113.927227	1.0088670255011e-07
37662369.095477	1.0044017277393e-07
37709743.144654	9.9995964330481e-08
37757236.523929	9.9554072042645e-08
37804849.684741	9.9114490663796e-08
37852583.080808	9.8677214878281e-08
37900437.168142	9.8242239301956e-08
37948412.405063	9.7809558482731e-08
37996509.252218	9.7379166901136e-08
38044728.172589	9.6951058970908e-08
38093069.631512	9.6525229039586e-08
38141534.096692	9.6101671389140e-08
38190122.038217	9.5680380236599e-08
38238833.928571	9.5261349734709e-08
38287670.242656	9.4844573972600e-08
38336631.457801	9.4430046976472e-08
38385718.053777	9.4017762710299e-08
38434930.512821	9.3607715076538e-08
38484269.319641	9.3199897916864e-08
38533734.961440	9.2794305012917e-08
38583327.927928	9.2390930087053e-08
38633048.711340	9.1989766803123e-08
38682897.806452	9.1590808767255e-08
38732875.710594	9.1194049528652e-08
38782982.923674	9.0799482580401e-08
38833219.948187	9.0407101360296e-08
38883587.289235	9.0016899251672e-08
38934085.454545	8.9628869584245e-08
38984714.954486	8.9243005634971e-08
39035476.302083	8.8859300628909e-08
39086370.013038	8.8477747740097e-08
39137396.605744	8.8098340092434e-08
39188556.601307	8.7721070760576e-08
39239850.523560	8.7345932770834e-08
39291278.899083	8.6972919102091e-08
39342842.257218	8.6602022686712e-08
39394541.130092	8.6233236411476e-08
39446376.052632	8.5866553118505e-08
39498347.562582	8.5501965606204e-08
39550456.200528	8.5139466630209e-08
39602702.509908	8.4779048904337e-08
39655087.037037	8.4420705101543e-08
39707610.331126	8.4064427854883e-08
39760272.944297	8.3710209758485e-08
39813075.431607	8.3358043368515e-08
39866018.351064	8.3007921204159e-08
39919102.263648	8.2659835748598e-08
39972327.733333	8.2313779449998e-08
40025695.327103	8.1969744722491e-08
40079205.614973	8.1627723947168e-08
40132859.170013	8.1287709473069e-08
40186656.568365	8.0949693618179e-08
40240598.389262	8.0613668670423e-08
40294685.215054	8.0279626888664e-08
40348917.631225	7.9947560503700e-08
40403296.226415	7.9617461719267e-08
40457821.592443	7.9289322713035e-08
40512494.324324	7.8963135637610e-08
40567315.020298	7.8638892621534e-08
40622284.281843	7.8316585770287e-08
40677402.713704	7.7996207167279e-08
40732670.923913	7.7677748874858e-08
40788089.523810	7.7361202935298e-08
40843659.128065	7.7046561371799e-08
40899380.354707	7.6733816189479e-08
40955253.825137	7.6422959376365e-08
41011280.164159	7.6113982904384e-08
41067460.000000	7.5806878730346e-08
41123793.964335	7.5501638796929e-08
41180282.692308	7.5198255033662e-08
41236926.822558	7.4896719357896e-08
41293726.997245	7.4597023675785e-08
41350683.862069	7.4299159883247e-08
41407798.066298	7.4003119866935e-08
41465070.262794	7.3708895505199e-08
41522501.108033	7.3416478669037e-08
41580091.262136	7.3125861223051e-08
41637841.388889	7.2837035026393e-08
41695752.155772	7.2549991933707e-08
41753824.233983	7.2264723796062e-08
41812058.298466	7.1981222461888e-08
41870455.027933	7.1699479777896e-08
41929015.104895	7.1419487590000e-08
41987739.215686	7.1141237744229e-08
42046628.050491	7.0864722087632e-08
42105682.303371	7.0589932469180e-08
42164902.672293	7.0316860740658e-08
42224289.859155	7.0045498757553e-08
42283844.569817	6.9775838379933e-08
42343567.514124	6.9507871473317e-08
42403459.405941	6.9241589909543e-08
42463520.963173	6.8976985567627e-08
42523752.907801	6.8714050334609e-08
42584155.965909	6.8452776106398e-08
42644730.867710	6.8193154788609e-08
42705478.347578	6.7935178297383e-08
42766399.144080	6.7678838560215e-08
42827494.000000	6.7424127516756e-08
42888763.662375	6.7171037119622e-08
42950208.882521	6.6919559335184e-08
43011830.416069	6.6669686144354e-08
43073629.022989	6.6421409543365e-08
43135605.467626	6.6174721544535e-08
43197760.518732	6.5929614177031e-08
43260094.949495	6.5686079487616e-08
43322609.537572	6.5444109541393e-08
43385305.065123	6.5203696422540e-08
43448182.318841	6.4964832235028e-08
43511242.089985	6.4727509103344e-08
43574485.174419	6.4491719173189e-08
43637912.372635	6.4257454612180e-08
43701524.489796	6.4024707610536e-08
43765322.335766	6.3793470381755e-08
43829306.725146	6.3563735163284e-08
43893478.477306	6.3335494217177e-08
43957838.416422	6.3108739830748e-08
44022387.371512	6.2883464317208e-08
44087126.176471	6.2659660016300e-08
44152055.670103	6.2437319294918e-08
44217176.696165	6.2216434547718e-08
44282490.103397	6.1996998197728e-08
44347996.745562	6.1779002696930e-08
44413697.481481	6.1562440526856e-08
44479593.175074	6.1347304199152e-08
44545684.695394	6.1133586256150e-08
44611972.916667	6.0921279271418e-08
44678458.718331	6.0710375850310e-08
44745142.985075	6.0500868630501e-08
44812026.606876	6.0292750282511e-08
44879110.479042	6.0086013510227e-08
44946395.502249	5.9880651051408e-08
45013882.582583	5.9676655678185e-08
45081572.631579	5.9474020197548e-08
45149466.566265	5.9272737451828e-08
45217565.309201	5.9072800319167e-08
45285869.788520	5.8874201713979e-08
45354380.937973	5.8676934587401e-08
45423099.696970	5.8480991927738e-08
45492027.010622	5.8286366760894e-08
45561163.829787	5.8093052150798e-08
45630511.111111	5.7901041199819e-08
45700069.817073	5.7710327049171e-08
45769840.916031	5.7520902879314e-08
45839825.382263	5.7332761910338e-08
45910024.196018	5.7145897402345e-08
45980438.343558	5.6960302655820e-08
46051068.817204	5.6775971011990e-08
46121916.615385	5.6592895853181e-08
46192982.742681	5.6411070603162e-08
46264268.209877	5.6230488727477e-08
46335774.034003	5.6051143733779e-08
46407501.238390	5.5873029172143e-08
46479450.852713	5.5696138635382e-08
46551623.913043	5.5520465759344e-08
46624021.461897	5.5346004223211e-08
46696644.548287	5.5172747749783e-08
46769494.227769	5.5000690105756e-08
46842571.562500	5.4829825101994e-08
46915877.621283	5.4660146593785e-08
46989413.479624	5.4491648481104e-08
47063180.219780	5.4324324708854e-08
47137178.930818	5.4158169267102e-08
47211410.708661	5.3993176191320e-08
47285876.656151	5.3829339562599e-08
47360577.883096	5.3666653507868e-08
47435515.506329	5.3505112200106e-08
47510690.649762	5.3344709858541e-08
47586104.444444	5.3185440748843e-08
47661758.028617	5.3027299183315e-08
47737652.547771	5.2870279521068e-08
47813789.154705	5.2714376168200e-08
47890169.009585	5.2559583577960e-08
47966793.280000	5.2405896250905e-08
48043663.141026	5.2253308735059e-08
48120779.775281	5.2101815626052e-08
48198144.372990	5.1951411567266e-08
48275758.132045	5.1802091249967e-08
48353622.258065	5.1653849413428e-08
48431737.964459	5.1506680845056e-08
48510106.472492	5.1360580380503e-08
48588729.011345	5.1215542903776e-08
48667606.818182	5.1071563347336e-08
48746741.138211	5.0928636692200e-08
48826133.224756	5.0786757968029e-08
48905784.339315	5.0645922253214e-08
48985695.751634	5.0506124674953e-08
49065868.739771	5.0367360409327e-08
49146304.590164	5.0229624681369e-08
49227004.597701	5.0092912765124e-08
49307970.065789	4.9957219983709e-08
49389202.306425	4.9822541709364e-08
49470702.640264	4.9688873363500e-08
49552472.396694	4.9556210416738e-08
49634512.913907	4.9424548388951e-08
49716825.538972	4.9293882849291e-08
49799411.627907	4.9164209416218e-08
49882272.545757	4.9035523757522e-08
49965409.666667	4.8907821590340e-08
50048824.373957	4.8781098681171e-08
50132518.060201	4.8655350845879e-08
50216492.127303	4.8530573949702e-08
50300747.986577	4.8406763907247e-08
50385287.058824	4.8283916682488e-08
50470110.774411	4.8162028288752e-08
50555220.573356	4.8041094788709e-08
50640617.905405	4.7921112294351e-08
50726304.230118	4.7802076966972e-08
50812281.016949	4.7683985017138e-08
50898549.745331	4.7566832704658e-08
50985111.904762	4.7450616338551e-08
51071968.994889	4.7335332277003e-08
51159122.525597	4.7220976927328e-08
51246574.017094	4.7107546745919e-08
51334325.000000	4.6995038238200e-08
51422377.015437	4.6883447958568e-08
51510731.615120	4.6772772510338e-08
51599390.361446	4.6663008545681e-08
51688354.827586	4.6554152765556e-08
51777626.597582	4.6446201919643e-08
51867207.266436	4.6339152806268e-08
51957098.440208	4.6233002272329e-08
52047301.736111	4.6127747213214e-08
52137818.782609	4.6023384572719e-08
52228651.219512	4.5919911342955e-08
52319800.698080	4.5817324564266e-08
52411268.881119	4.5715621325126e-08
52503057.443082	4.5614798762047e-08
52595168.070175	4.5514854059472e-08
52687602.460457	4.5415784449676e-08
52780362.323944	4.5317587212650e-08
52873449.382716	4.5220259675994e-08
52966865.371025	4.5123799214799e-08
53060612.035398	4.5028203251528e-08
53154691.134752	4.4933469255891e-08
53249104.440497	4.4839594744721e-08
53343853.736655	4.4746577281839e-08
53438940.819964	4.4654414477926e-08
53534367.500000	4.4563103990379e-08
53630135.599284	4.4472643523173e-08
53726246.953405	4.4383030826711e-08
53822703.411131	4.4294263697681e-08
53919506.834532	4.4206339978897e-08
54016659.099099	4.4119257559142e-08
54114162.093863	4.4033014373010e-08
54212017.721519	4.3947608400737e-08
54310227.898551	4.3863037668030e-08
54408794.555354	4.3779300245898e-08
54507719.636364	4.3696394250469e-08
54607005.100182	4.3614317842807e-08
54706652.919708	4.3533069228725e-08
54806665.082267	4.3452646658597e-08
54907043.589744	4.3373048427152e-08
55007790.458716	4.3294272873281e-08
55108907.720588	4.3216318379824e-08
55210397.421731	4.3139183373361e-08
55312261.623616	4.3062866323993e-08
55414502.402957	4.2987365745120e-08
55517121.851852	4.2912680193213e-08
55620122.077922	4.2838808267578e-08
55723505.204461	4.2765748610118e-08
55827273.370577	4.2693499905087e-08
55931428.731343	4.2622060878835e-08
56035973.457944	4.2551430299554e-08
56140909.737828	4.2481606977008e-08
56246239.774859	4.2412589762263e-08
56351965.789474	4.2344377547408e-08
56458090.018832	4.2276969265268e-08
56564614.716981	4.2210363889111e-08
56671542.155009	4.2144560432343e-08
56778874.621212	4.2079557948203e-08
56886614.421252	4.2015355529444e-08
56994763.878327	4.1951952308004e-08
57103325.333333	4.1889347454673e-08
57212301.145038	4.1827540178747e-08
57321693.690249	4.1766529727678e-08
57431505.363985	4.1706315386706e-08
57541738.579654	4.1646896478490e-08
57652395.769231	4.1588272362721e-08
57763479.383430	4.1530442435728e-08
57874991.891892	4.1473406130075e-08
57986935.783366	4.1417162914142e-08
58099313.565891	4.1361712291696e-08
58212127.766990	4.1307053801450e-08
58325380.933852	4.1253187016611e-08
58439075.633528	4.1200111544413e-08
58553214.453125	4.1147827025633e-08
58667800.000000	4.1096333134102e-08
58782834.901961	4.1045629576194e-08
58898321.807466	4.0995716090300e-08
59014263.385827	4.0946592446292e-08
59130662.327416	4.0898258444968e-08
59247521.343874	4.0850713917478e-08
59364843.168317	4.0803958724734e-08
59482630.555556	4.0757992756809e-08
59600886.282306	4.0712815932306e-08
59719613.147410	4.0668428197720e-08
59838813.972056	4.0624829526769e-08
59958491.600000	4.0582019919715e-08
60078648.897796	4.0539999402657e-08
60199288.755020	4.0498768026806e-08
60320414.084507	4.0458325867737e-08
60442027.822581	4.0418673024618e-08
60564132.929293	4.0379809619414e-08
60686732.388664	4.0341735796066e-08
60809829.208925	4.0304451719649e-08
60933426.422764	4.0267957575499e-08
61057527.087576	4.0232253568313e-08
61182134.285714	4.0197339921225e-08
61307251.124744	4.0163216874849e-08
61432880.737705	4.0129884686292e-08
61559026.283368	4.0097343628140e-08
61685690.946502	4.0065593987409e-08
61812877.938144	4.0034636064464e-08
61940590.495868	4.0004470171901e-08
62068831.884058	3.9975096633402e-08
62197605.394191	3.9946515782544e-08
62326914.345114	3.9918727961575e-08
62456762.083333	3.9891733520155e-08
62587151.983299	3.9865532814051e-08
62718087.447699	3.9840126203794e-08
62849571.907757	3.9815514053292e-08
62981608.823529	3.9791696728405e-08
63114201.684211	3.9768674595464e-08
63247354.008439	3.9746448019753e-08
63381069.344609	3.9725017363944e-08
63515351.271186	3.9704382986469e-08
63650203.397028	3.9684545239859e-08
63785629.361702	3.9665504469020e-08
63921632.835821	3.9647261009452e-08
64058217.521368	3.9629815185425e-08
64195387.152034	3.9613167308082e-08
64333145.493562	3.9597317673496e-08
64471496.344086	3.9582266560655e-08
64610443.534483	3.9568014229394e-08
64749990.928726	3.9554560918255e-08
64890142.424242	3.9541906842284e-08
65030901.952278	3.9530052190757e-08
65172273.478261	3.9518997124837e-08
65314261.002179	3.9508741775159e-08
65456868.558952	3.9499286239337e-08
65600100.218818	3.9490630579398e-08
65743960.087719	3.9482774819133e-08
65888452.307692	3.9475718941368e-08
66033581.057269	3.9469462885153e-08
66179350.551876	3.9464006542862e-08
66325765.044248	3.9459349757204e-08
66472828.824834	3.9455492318146e-08
66620546.222222	3.9452433959741e-08
66768921.603563	3.9450174356858e-08
66917959.375000	3.9448713121814e-08
67067663.982103	3.9448049800907e-08
67218039.910314	3.9448183870841e-08
67369091.685393	3.9449114735045e-08
67520823.873874	3.9450841719885e-08
67673241.083521	3.9453364070758e-08
67826347.963801	3.9456680948075e-08
67980149.206349	3.9460791423122e-08
68134649.545455	3.9465694473801e-08
68289853.758542	3.9471388980244e-08
68445766.666667	3.9477873720305e-08
68602393.135011	3.9485147364911e-08
68759738.073394	3.9493208473289e-08
68917806.436782	3.9502055488045e-08
69076603.225806	3.9511686730113e-08
69236133.487298	3.9522100393553e-08
69396402.314815	3.9533294540198e-08
69557414.849188	3.9545267094162e-08
69719176.279070	3.9558015836183e-08
69881691.841492	3.9571538397810e-08
70044966.822430	3.9585832255434e-08
70209006.557377	3.9600894724149e-08
70373816.431925	3.9616722951448e-08
70539401.882353	3.9633313910743e-08
70705768.396226	3.9650664394719e-08
70872921.513002	3.9668771008497e-08
71040866.824645	3.9687630162628e-08
71209609.976247	3.9707238065891e-08
71379156.666667	3.9727590717911e-08
71549512.649165	3.9748683901576e-08
71720683.732057	3.9770513175270e-08
71892675.779377	3.9793073864897e-08
72065494.711538	3.9816361055709e-08
72239146.506024	3.9840369583930e-08
72413637.198068	3.9865094028168e-08
72588972.881356	3.9890528700622e-08
72765159.708738	3.9916667638073e-08
72942203.892944	3.9943504592660e-08
73120111.707317	3.9971033022434e-08
73298889.486553	3.9999246081703e-08
73478543.627451	4.0028136611139e-08
73659080.589681	4.0057697127673e-08
73840506.896552	4.0087919814162e-08
74022829.135802	4.0118796508821e-08
74206053.960396	4.0150318694437e-08
74390188.089330	4.0182477487349e-08
74575238.308458	4.0215263626194e-08
74761211.471322	4.0248667460434e-08
74948114.500000	4.0282678938645e-08
75135954.385965	4.0317287596576e-08
75324738.190955	4.0352482544988e-08
75514473.047859	4.0388252457261e-08
75705166.161616	4.0424585556775e-08
75896824.810127	4.0461469604077e-08
76089456.345178	4.0498891883818e-08
76283068.193384	4.0536839191488e-08
76477667.857143	4.0575297819928e-08
76673262.915601	4.0614253545649e-08
76869861.025641	4.0653691614936e-08
77067469.922879	4.0693596729777e-08
77266097.422680	4.0733953033592e-08
77465751.421189	4.0774744096789e-08
77666439.896373	4.0815952902156e-08
77868170.909091	4.0857561830089e-08
78070952.604167	4.0899552643678e-08
78274793.211488	4.0941906473655e-08
78479701.047120	4.0984603803223e-08
78685684.514436	4.1027624452780e-08
78892752.105263	4.1070947564549e-08
79100912.401055	4.1114551587139e-08
79310174.074074	4.1158414260050e-08
79520545.888594	4.1202512598141e-08
79732036.702128	4.1246822876092e-08
79944655.466667	4.1291320612870e-08
80158411.229947	4.1335980556236e-08
80373313.136729	4.1380776667311e-08
80589370.430108	4.1425682105232e-08
80806592.452830	4.1470669211933e-08
81024988.648649	4.1515709497077e-08
81244568.563686	4.1560773623176e-08
81465341.847826	4.1605831390935e-08
81687318.256131	4.1650851724856e-08
81910507.650273	4.1695802659154e-08
82134920.000000	4.1740651324006e-08
82360565.384615	4.1785363932206e-08
82587453.994490	4.1829905766247e-08
82815596.132597	4.1874241165901e-08
83045002.216066	4.1918333516338e-08
83275682.777778	4.1962145236844e-08
83507648.467967	4.2005637770193e-08
83740910.055866	4.2048771572737e-08
83975478.431373	4.2091506105276e-08
84211364.606742	4.2133799824769e-08
84448579.718310	4.2175610176964e-08
84687135.028249	4.2216893590011e-08
84927041.926346	4.2257605469134e-08
85168311.931818	4.2297700192439e-08
85410956.695157	4.2337131107940e-08
85654988.000000	4.2375850531877e-08
85900417.765043	4.2413809748418e-08
86147258.045977	4.2450959010836e-08
86395521.037464	4.2487247544232e-08
86645219.075145	4.2522623549921e-08
86896364.637681	4.2557034211550e-08
87148970.348837	4.2590425703066e-08
87403048.979592	4.2622743198611e-08
87658613.450292	4.2653930884464e-08
87915676.832845	4.2683931973114e-08
88174252.352941	4.2712688719570e-08
88434353.392330	4.2740142440023e-08
88695993.491124	4.2766233532942e-08
88959186.350148	4.2790901502728e-08
89223945.833333	4.2814084986018e-08
89490285.970149	4.2835721780745e-08
89758220.958084	4.2855748878055e-08
90027765.165165	4.2874102497191e-08
90298933.132530	4.2890718123426e-08
90571739.577039	4.2905530549161e-08
90846199.393939	4.2918473918267e-08
91122327.659574	4.2929481773773e-08
91400139.634146	4.2938487108976e-08
91679650.764526	4.2945422422066e-08
91960876.687117	4.2950219774329e-08
92243833.230769	4.2952810852019e-08
92528536.419753	4.2953127031937e-08
92815002.476780	4.2951099450792e-08
93103247.826087	4.2946659078389e-08
93393289.096573	4.2939736794674e-08
93685143.125000	4.2930263470674e-08
93978826.959248	4.2918170053344e-08
94274357.861635	4.2903387654332e-08
94571753.312303	4.2885847642652e-08
94871031.012658	4.2865481741248e-08
95172208.888889	4.2842222127413e-08
95475305.095541	4.2816001537017e-08
95780338.019169	4.2786753372481e-08
96087326.282051	4.2754411814407e-08
96396288.745981	4.2718911936782e-08
96707244.516129	4.2680189825625e-08
97020212.944984	4.2638182700946e-08
97335213.636364	4.2592829041872e-08
97652266.449511	4.2544068714753e-08
97971391.503268	4.2491843104060e-08
98292609.180328	4.2436095245868e-08
98615940.131579	4.2376769963670e-08
98941405.280528	4.2313814006286e-08
99269025.827815	4.2247176187572e-08
99598823.255814	4.2176807527646e-08
99930819.333333	4.2102661395293e-08
100265036.12040	4.2024693651228e-08
100601495.97315	4.1942862791844e-08
100940221.54882	4.1857130093066e-08
101281235.81081	4.1767459753917e-08
101624562.03390	4.1673819039379e-08
101970223.80952	4.1576178422111e-08
102318245.05119	4.1474511722579e-08
102668650.00000	4.1368796247135e-08
103021463.23024	4.1259012923571e-08
103376709.65517	4.1145146433656e-08
103734414.53287	4.1027185342172e-08
104094603.47222	4.0905122221936e-08
104457302.43902	4.0778953774308e-08
104822537.76224	4.0648680944683e-08
105190336.14035	4.0514309032447e-08
105560724.64789	4.0375847794900e-08
105933730.74205	4.0233311544648e-08
106309382.26950	4.0086719239973e-08
106687707.47331	3.9936094567697e-08
107068735.00000	3.9781466018088e-08
107452493.90681	3.9622866951346e-08
107839013.66906	3.9460335655254e-08
108228324.18773	3.9293915393589e-08
108620455.79710	3.9123654444908e-08
109015439.27273	3.8949606131371e-08
109413305.83942	3.8771828837279e-08
109814087.17949	3.8590386017048e-08
110217815.44118	3.8405346192369e-08
110624523.24723	3.8216782938357e-08
111034243.70370	3.8024774858516e-08
